1482.0 1483.0
146.0 761.0
401.0 572.0
174.0 1243.0
1438.0 1738.0
2534.0 2621.0
56.0 101.0
886.0 2213.0
475.0 621.0
186.0 859.0
232.0 1473.0
1641.0 1642.0
2235.0 2398.0
41.0 1605.0
1459.0 1729.0
1590.0 1941.0
2127.0 2133.0
173.0 549.0
1448.0 2505.0
1755.0 2247.0
567.0 1397.0
1476.0 2540.0
1578.0 1588.0
339.0 818.0
347.0 1359.0
59.0 435.0
2066.0 2429.0
1048.0 1057.0
374.0 2076.0
126.0 505.0
701.0 977.0
679.0 2453.0
1471.0 1757.0
1098.0 2611.0
846.0 2477.0
169.0 1585.0
1113.0 2262.0
1982.0 2542.0
93.0 2398.0
389.0 1101.0
948.0 1152.0
753.0 2672.0
1571.0 2199.0
1534.0 2347.0
893.0 2209.0
47.0 1067.0
822.0 1895.0
251.0 565.0
756.0 2590.0
1808.0 2529.0
526.0 1326.0
1629.0 2319.0
649.0 1697.0
1517.0 2350.0
1156.0 2564.0
1938.0 2631.0
1343.0 2166.0
1074.0 1513.0
1220.0 1923.0
1171.0 2241.0
1289.0 2062.0
1399.0 2239.0
1180.0 2025.0
69.0 884.0
233.0 542.0
210.0 2451.0
1234.0 1906.0
309.0 1873.0
313.0 406.0
1541.0 2217.0
63.0 326.0
1532.0 2347.0
1825.0 2222.0
1789.0 2645.0
1604.0 2199.0
1548.0 2431.0
176.0 1237.0
1338.0 1831.0
764.0 2060.0
965.0 1271.0
537.0 1276.0
1119.0 2131.0
1937.0 1949.0
1359.0 1852.0
2118.0 2404.0
1955.0 2014.0
324.0 1562.0
1540.0 2219.0
74.0 176.0
1122.0 2014.0
1849.0 1869.0
1404.0 1716.0
1674.0 1692.0
1121.0 2135.0
603.0 1100.0
846.0 2104.0
551.0 1252.0
1425.0 1495.0
38.0 1444.0
208.0 2315.0
224.0 986.0
1309.0 1917.0
702.0 1251.0
566.0 1870.0
1081.0 1498.0
606.0 607.0
225.0 480.0
2259.0 2269.0
2187.0 2632.0
2132.0 2133.0
1455.0 1461.0
1331.0 1935.0
465.0 2422.0
2162.0 2356.0
1524.0 2224.0
234.0 528.0
280.0 1604.0
377.0 788.0
1337.0 1832.0
1214.0 1638.0
480.0 1051.0
168.0 1101.0
1056.0 2347.0
1789.0 2327.0
443.0 1278.0
1180.0 1997.0
1281.0 1698.0
1238.0 2166.0
204.0 2640.0
421.0 2024.0
41.0 489.0
937.0 2634.0
787.0 884.0
703.0 1884.0
451.0 855.0
1027.0 1642.0
1599.0 2198.0
675.0 2320.0
393.0 1106.0
2000.0 2029.0
723.0 2172.0
597.0 887.0
1183.0 1185.0
906.0 1247.0
168.0 288.0
722.0 1915.0
1294.0 1697.0
627.0 1546.0
1310.0 2535.0
1657.0 2618.0
1114.0 1223.0
929.0 1889.0
1620.0 2329.0
36.0 2328.0
290.0 435.0
2358.0 2414.0
566.0 2515.0
1609.0 1619.0
544.0 1237.0
99.0 287.0
824.0 1932.0
458.0 610.0
199.0 1620.0
2249.0 2511.0
281.0 1023.0
2108.0 2109.0
2345.0 2453.0
2024.0 2027.0
798.0 1186.0
675.0 2625.0
1031.0 2203.0
629.0 2314.0
1728.0 2691.0
558.0 738.0
132.0 1940.0
1759.0 2250.0
395.0 1470.0
352.0 2521.0
751.0 1475.0
323.0 2632.0
215.0 1978.0
1217.0 2336.0
150.0 2303.0
56.0 1653.0
277.0 595.0
1105.0 2354.0
196.0 2409.0
1248.0 2522.0
1636.0 1637.0
406.0 1988.0
1893.0 2362.0
234.0 2231.0
1805.0 2113.0
590.0 1532.0
2009.0 2014.0
535.0 2321.0
167.0 1089.0
328.0 1575.0
1184.0 2020.0
625.0 2359.0
1014.0 2275.0
516.0 517.0
351.0 1262.0
291.0 423.0
2362.0 2489.0
739.0 1829.0
911.0 1785.0
607.0 1102.0
2002.0 2682.0
171.0 282.0
1287.0 1566.0
1483.0 1999.0
1309.0 2363.0
1558.0 2358.0
438.0 1826.0
1438.0 1739.0
1284.0 1892.0
1484.0 1548.0
55.0 2612.0
1426.0 1429.0
306.0 2169.0
127.0 1851.0
1926.0 2521.0
1296.0 1300.0
963.0 1245.0
1781.0 2673.0
1924.0 2146.0
415.0 618.0
984.0 1588.0
36.0 669.0
661.0 2614.0
1264.0 2051.0
1755.0 2246.0
567.0 1396.0
2465.0 2629.0
1613.0 2204.0
325.0 889.0
610.0 2597.0
156.0 564.0
1529.0 2435.0
603.0 814.0
25.0 2252.0
169.0 1584.0
26.0 75.0
786.0 1173.0
170.0 1406.0
152.0 1949.0
1113.0 2118.0
855.0 1865.0
698.0 936.0
93.0 2254.0
1948.0 2490.0
1222.0 1935.0
392.0 1103.0
10.0 2690.0
1571.0 2198.0
431.0 843.0
1113.0 2400.0
396.0 1234.0
549.0 1940.0
362.0 852.0
1457.0 1723.0
1326.0 1800.0
583.0 2017.0
1321.0 2492.0
1625.0 1626.0
652.0 1630.0
959.0 1570.0
1629.0 2318.0
647.0 2601.0
541.0 1438.0
2024.0 2207.0
384.0 1479.0
423.0 2654.0
950.0 2130.0
666.0 1777.0
462.0 596.0
546.0 2407.0
109.0 481.0
606.0 1103.0
2469.0 2544.0
1408.0 2701.0
486.0 2608.0
764.0 2061.0
1544.0 2530.0
198.0 330.0
1093.0 2611.0
1768.0 2344.0
460.0 593.0
283.0 456.0
1221.0 2690.0
287.0 1536.0
299.0 866.0
1021.0 1025.0
509.0 1901.0
1619.0 2688.0
1568.0 2686.0
1847.0 1848.0
115.0 1403.0
173.0 187.0
1776.0 2624.0
1446.0 1730.0
223.0 1505.0
1061.0 2537.0
1096.0 1101.0
311.0 1718.0
1037.0 2416.0
117.0 1731.0
370.0 570.0
653.0 1639.0
1889.0 2153.0
601.0 2422.0
1447.0 1449.0
1036.0 2367.0
1369.0 1494.0
2605.0 2660.0
1443.0 2452.0
1331.0 1934.0
2269.0 2507.0
1620.0 1800.0
2466.0 2673.0
744.0 1763.0
253.0 275.0
280.0 1605.0
231.0 1404.0
1651.0 1655.0
169.0 2227.0
495.0 1723.0
1937.0 2656.0
1444.0 1988.0
218.0 220.0
681.0 1756.0
897.0 2259.0
854.0 1821.0
378.0 2122.0
1645.0 2359.0
77.0 696.0
935.0 1733.0
613.0 1531.0
1156.0 2109.0
1462.0 1538.0
1333.0 2490.0
1292.0 2605.0
218.0 2237.0
1933.0 1935.0
870.0 1113.0
624.0 2203.0
217.0 1563.0
247.0 2106.0
2186.0 2230.0
663.0 1764.0
304.0 741.0
1099.0 1570.0
264.0 423.0
1954.0 2328.0
1041.0 2669.0
151.0 458.0
1276.0 2313.0
860.0 1300.0
374.0 2548.0
366.0 752.0
1515.0 2401.0
1888.0 2524.0
2500.0 2501.0
1214.0 1991.0
755.0 798.0
660.0 1776.0
1035.0 2205.0
137.0 754.0
151.0 2597.0
805.0 2603.0
611.0 1056.0
246.0 945.0
1133.0 1839.0
1241.0 1945.0
253.0 2027.0
1113.0 2682.0
1448.0 1449.0
2240.0 2378.0
805.0 1088.0
1609.0 1618.0
1063.0 2217.0
583.0 1231.0
1470.0 1757.0
1479.0 2254.0
1020.0 1021.0
39.0 275.0
134.0 557.0
1872.0 2233.0
1921.0 2145.0
1034.0 1634.0
219.0 2395.0
684.0 1755.0
636.0 828.0
209.0 2465.0
2354.0 2394.0
875.0 1856.0
1363.0 2607.0
868.0 1699.0
1479.0 2005.0
1468.0 1758.0
644.0 2340.0
1458.0 1744.0
1918.0 2677.0
116.0 1757.0
604.0 1594.0
1805.0 2112.0
1057.0 1528.0
167.0 1088.0
1210.0 1750.0
1373.0 1898.0
1226.0 2400.0
1354.0 2493.0
1941.0 2402.0
1945.0 2151.0
1122.0 2136.0
2234.0 2701.0
911.0 1784.0
743.0 2240.0
1181.0 2526.0
1132.0 2288.0
1160.0 2627.0
2247.0 2639.0
586.0 1479.0
287.0 592.0
1656.0 1657.0
321.0 458.0
438.0 1827.0
644.0 1674.0
1254.0 1885.0
1744.0 2339.0
210.0 1774.0
74.0 917.0
1467.0 2248.0
663.0 1275.0
683.0 1753.0
1113.0 1116.0
2196.0 2416.0
718.0 1285.0
1284.0 1893.0
1484.0 1549.0
577.0 2011.0
752.0 2235.0
590.0 2347.0
2086.0 2573.0
590.0 1053.0
2127.0 2135.0
78.0 965.0
1264.0 2052.0
1080.0 1686.0
1511.0 1512.0
641.0 866.0
2549.0 2703.0
1285.0 1893.0
241.0 1111.0
398.0 750.0
59.0 290.0
1471.0 1759.0
469.0 1103.0
475.0 1618.0
701.0 2676.0
1472.0 1734.0
394.0 1472.0
548.0 2408.0
651.0 1704.0
1700.0 1701.0
58.0 456.0
865.0 2204.0
1725.0 2607.0
1244.0 1688.0
146.0 791.0
306.0 554.0
2170.0 2171.0
1747.0 2675.0
475.0 2485.0
1017.0 1638.0
1807.0 2529.0
40.0 1213.0
1054.0 2224.0
1899.0 2709.0
17.0 1171.0
311.0 1297.0
61.0 2686.0
663.0 968.0
1275.0 1292.0
99.0 2436.0
243.0 264.0
1459.0 2650.0
403.0 2404.0
1290.0 2380.0
91.0 2448.0
316.0 751.0
923.0 1221.0
2633.0 2646.0
729.0 1415.0
798.0 2070.0
420.0 748.0
1357.0 1853.0
1329.0 1932.0
1829.0 1911.0
1943.0 2676.0
1745.0 2453.0
1338.0 1829.0
1186.0 2070.0
517.0 1664.0
198.0 331.0
1442.0 2303.0
478.0 2487.0
826.0 828.0
587.0 2005.0
716.0 1891.0
2059.0 2544.0
473.0 2237.0
156.0 746.0
1847.0 2658.0
723.0 2146.0
314.0 542.0
1553.0 1721.0
1273.0 1775.0
1335.0 2363.0
285.0 1068.0
800.0 2415.0
208.0 1698.0
1730.0 2465.0
1447.0 1448.0
1309.0 1915.0
1211.0 2229.0
1312.0 2425.0
659.0 858.0
394.0 1734.0
1649.0 2321.0
388.0 595.0
818.0 2352.0
1184.0 2565.0
160.0 897.0
17.0 776.0
653.0 2498.0
1385.0 1813.0
93.0 2709.0
1337.0 1838.0
305.0 1785.0
1017.0 1214.0
211.0 1292.0
102.0 1047.0
852.0 1128.0
1438.0 2451.0
1623.0 2194.0
251.0 2488.0
746.0 2514.0
1267.0 2060.0
1292.0 2606.0
591.0 1059.0
1396.0 2527.0
787.0 2122.0
188.0 505.0
342.0 1442.0
302.0 2629.0
535.0 2601.0
344.0 2562.0
1726.0 1733.0
544.0 1903.0
392.0 1484.0
2443.0 2466.0
302.0 2343.0
225.0 2418.0
725.0 1937.0
288.0 1096.0
107.0 422.0
2239.0 2557.0
1133.0 1369.0
175.0 545.0
418.0 822.0
1297.0 1774.0
2282.0 2571.0
800.0 1201.0
338.0 2236.0
2390.0 2557.0
295.0 2070.0
823.0 2375.0
887.0 1072.0
1312.0 2548.0
237.0 559.0
171.0 2205.0
938.0 1934.0
598.0 1512.0
87.0 2305.0
313.0 2364.0
2108.0 2564.0
31.0 1658.0
919.0 2595.0
1609.0 1617.0
1085.0 2531.0
241.0 2682.0
583.0 1230.0
239.0 1432.0
1100.0 2227.0
1148.0 1814.0
1583.0 2603.0
392.0 2353.0
1735.0 2345.0
1029.0 1635.0
86.0 346.0
1186.0 2021.0
1038.0 1602.0
231.0 1716.0
764.0 2469.0
1587.0 2431.0
254.0 1263.0
703.0 1906.0
721.0 1915.0
841.0 2074.0
2240.0 2607.0
869.0 1044.0
1293.0 1650.0
69.0 160.0
604.0 1595.0
475.0 1609.0
1255.0 2056.0
1981.0 1989.0
1403.0 1405.0
107.0 386.0
2228.0 2591.0
897.0 2563.0
1702.0 1707.0
1807.0 2335.0
865.0 1608.0
1720.0 1738.0
1111.0 1223.0
1179.0 1371.0
1122.0 2504.0
2004.0 2014.0
466.0 976.0
20.0 79.0
123.0 1336.0
938.0 2221.0
1786.0 2309.0
2628.0 2686.0
438.0 1824.0
186.0 661.0
210.0 1775.0
875.0 1251.0
607.0 1548.0
410.0 1456.0
2339.0 2458.0
1116.0 2130.0
1484.0 1550.0
206.0 1246.0
577.0 2010.0
1551.0 1556.0
1518.0 2349.0
859.0 1776.0
767.0 2011.0
1118.0 1119.0
40.0 572.0
386.0 600.0
26.0 755.0
909.0 2464.0
1685.0 2675.0
142.0 2545.0
137.0 2542.0
2033.0 2549.0
984.0 1590.0
1625.0 2275.0
2314.0 2441.0
138.0 1227.0
447.0 1095.0
16.0 2111.0
619.0 1022.0
2516.0 2527.0
567.0 1398.0
1152.0 2477.0
555.0 1302.0
1232.0 2171.0
2012.0 2016.0
378.0 787.0
1024.0 2199.0
1354.0 1442.0
747.0 2239.0
156.0 566.0
128.0 715.0
1049.0 1057.0
1094.0 2611.0
1306.0 2595.0
1354.0 2383.0
1021.0 2198.0
1294.0 1772.0
616.0 1016.0
389.0 1098.0
2322.0 2499.0
1755.0 2613.0
92.0 2709.0
557.0 1937.0
1297.0 1718.0
1222.0 1933.0
239.0 1967.0
830.0 1850.0
1473.0 1721.0
1017.0 1637.0
466.0 805.0
103.0 472.0
1331.0 2376.0
17.0 1170.0
1478.0 2537.0
1041.0 2194.0
196.0 221.0
386.0 1685.0
964.0 2606.0
390.0 2521.0
393.0 2635.0
1272.0 1783.0
237.0 904.0
456.0 2213.0
1173.0 2479.0
89.0 1969.0
406.0 2586.0
109.0 1658.0
1454.0 1464.0
273.0 1406.0
1917.0 2363.0
286.0 1559.0
1234.0 1905.0
1988.0 2586.0
238.0 2112.0
1042.0 1640.0
159.0 1152.0
303.0 304.0
233.0 1452.0
89.0 252.0
1890.0 1892.0
371.0 2022.0
157.0 1407.0
2124.0 2662.0
468.0 864.0
30.0 939.0
2120.0 2654.0
958.0 1555.0
396.0 2152.0
164.0 2571.0
64.0 219.0
675.0 2502.0
399.0 1206.0
1783.0 2320.0
81.0 649.0
115.0 1405.0
451.0 2295.0
568.0 569.0
421.0 571.0
1064.0 2437.0
469.0 815.0
367.0 2072.0
388.0 2675.0
946.0 2057.0
1592.0 2482.0
1619.0 1627.0
496.0 1185.0
910.0 1122.0
2348.0 2633.0
1227.0 1264.0
398.0 2000.0
36.0 2501.0
489.0 619.0
365.0 1992.0
1214.0 1637.0
627.0 2209.0
1789.0 2324.0
1177.0 2073.0
832.0 1874.0
1885.0 1889.0
1825.0 1826.0
687.0 1305.0
57.0 954.0
94.0 2574.0
254.0 1264.0
471.0 1105.0
2225.0 2435.0
725.0 1936.0
1318.0 1322.0
12.0 2008.0
751.0 2013.0
1312.0 2327.0
1133.0 1146.0
283.0 1516.0
1080.0 1513.0
659.0 2322.0
1312.0 2549.0
1845.0 2709.0
951.0 2082.0
1947.0 2221.0
2147.0 2408.0
1418.0 2383.0
738.0 931.0
232.0 1724.0
389.0 2424.0
824.0 1935.0
1208.0 1326.0
1512.0 2332.0
344.0 2100.0
48.0 1148.0
155.0 304.0
1029.0 1634.0
1582.0 2422.0
1856.0 2652.0
1706.0 2497.0
764.0 2470.0
566.0 832.0
175.0 1903.0
209.0 2625.0
1358.0 1359.0
1631.0 2206.0
1653.0 2418.0
1293.0 1649.0
475.0 1608.0
1238.0 1343.0
388.0 1089.0
167.0 1090.0
276.0 1994.0
1120.0 2132.0
1677.0 2406.0
1030.0 1049.0
1888.0 2153.0
695.0 1919.0
707.0 2709.0
624.0 1025.0
1737.0 1869.0
1656.0 1659.0
1617.0 2200.0
194.0 886.0
232.0 2513.0
2149.0 2652.0
1620.0 1713.0
1728.0 2231.0
111.0 1664.0
1467.0 2250.0
58.0 2212.0
176.0 2407.0
82.0 2673.0
344.0 2239.0
1043.0 1641.0
1304.0 2171.0
80.0 445.0
1646.0 2497.0
1067.0 2220.0
1930.0 2146.0
138.0 1224.0
447.0 1094.0
417.0 1047.0
1064.0 1462.0
2.0 395.0
1529.0 2214.0
1934.0 2221.0
606.0 1597.0
1209.0 1736.0
660.0 1296.0
747.0 2238.0
1021.0 2483.0
1275.0 1764.0
1742.0 2708.0
181.0 1045.0
1121.0 2127.0
338.0 2512.0
1460.0 2345.0
239.0 420.0
616.0 1017.0
452.0 2311.0
2069.0 2429.0
557.0 1936.0
809.0 2346.0
1885.0 2670.0
1244.0 1690.0
365.0 1439.0
1451.0 1452.0
455.0 1309.0
1101.0 2424.0
1017.0 1636.0
980.0 2356.0
440.0 761.0
1272.0 2498.0
1290.0 1313.0
1577.0 1695.0
1941.0 2150.0
1232.0 1903.0
649.0 1701.0
1299.0 2443.0
697.0 1925.0
1385.0 1992.0
1356.0 2303.0
1479.0 1482.0
1257.0 2694.0
1180.0 2021.0
1732.0 1738.0
898.0 2599.0
2488.0 2653.0
1484.0 1587.0
62.0 63.0
980.0 1574.0
959.0 2531.0
1890.0 1893.0
1093.0 1098.0
385.0 1031.0
1065.0 2438.0
1920.0 2145.0
198.0 329.0
1252.0 1660.0
1449.0 1743.0
1917.0 1918.0
39.0 571.0
1246.0 1674.0
2235.0 2253.0
116.0 1760.0
1273.0 1773.0
138.0 1998.0
242.0 2654.0
399.0 1201.0
24.0 1213.0
1532.0 1533.0
154.0 2304.0
1044.0 2623.0
448.0 615.0
288.0 976.0
743.0 2229.0
2110.0 2478.0
887.0 1070.0
509.0 2288.0
1594.0 1595.0
886.0 2597.0
353.0 1942.0
155.0 920.0
1847.0 2377.0
76.0 2002.0
660.0 967.0
832.0 1875.0
134.0 437.0
800.0 2565.0
1104.0 1587.0
1437.0 1775.0
487.0 1626.0
1371.0 1999.0
2100.0 2562.0
2130.0 2405.0
299.0 532.0
983.0 1574.0
456.0 1081.0
27.0 142.0
870.0 1116.0
316.0 2388.0
2608.0 2671.0
984.0 2358.0
2105.0 2115.0
1223.0 2537.0
2270.0 2563.0
154.0 438.0
1706.0 2316.0
1154.0 1155.0
1980.0 2241.0
1853.0 1869.0
976.0 2611.0
800.0 2005.0
251.0 1945.0
751.0 2012.0
1072.0 1525.0
1120.0 2121.0
1944.0 2465.0
2050.0 2543.0
432.0 1708.0
612.0 809.0
431.0 1515.0
1214.0 1994.0
1454.0 2613.0
1457.0 1728.0
957.0 1492.0
1171.0 2478.0
1424.0 1431.0
285.0 2187.0
1809.0 2243.0
915.0 2708.0
2160.0 2469.0
160.0 2122.0
123.0 153.0
2353.0 2635.0
870.0 2400.0
1997.0 2021.0
1841.0 2709.0
1919.0 1920.0
219.0 1563.0
1249.0 2522.0
1029.0 1633.0
297.0 1990.0
104.0 472.0
89.0 420.0
2437.0 2519.0
2114.0 2404.0
495.0 678.0
532.0 2460.0
509.0 1810.0
1923.0 2145.0
1293.0 1648.0
924.0 2549.0
2120.0 2131.0
440.0 1186.0
1029.0 2486.0
388.0 1090.0
1265.0 1702.0
403.0 1115.0
650.0 908.0
586.0 2574.0
171.0 624.0
1120.0 2133.0
1654.0 1686.0
286.0 323.0
1773.0 2499.0
1087.0 1519.0
273.0 1876.0
1888.0 2154.0
1737.0 1763.0
1426.0 1978.0
254.0 945.0
1574.0 2409.0
628.0 1657.0
1292.0 1722.0
438.0 1830.0
1182.0 2265.0
1760.0 1761.0
62.0 1562.0
1998.0 2399.0
417.0 1657.0
1318.0 1789.0
23.0 1993.0
58.0 2213.0
1482.0 2574.0
817.0 2448.0
471.0 615.0
608.0 1559.0
1520.0 1544.0
562.0 927.0
1654.0 2634.0
1613.0 2486.0
349.0 1385.0
896.0 1158.0
2061.0 2545.0
31.0 1069.0
2113.0 2662.0
812.0 1514.0
294.0 849.0
138.0 1225.0
1206.0 1214.0
1848.0 2536.0
75.0 834.0
761.0 2067.0
1023.0 1614.0
2008.0 2010.0
16.0 2112.0
1028.0 2393.0
1061.0 2207.0
824.0 1222.0
1930.0 1932.0
82.0 1704.0
173.0 2687.0
1519.0 1520.0
184.0 1236.0
1451.0 2504.0
464.0 1512.0
2064.0 2678.0
353.0 2652.0
389.0 1096.0
1699.0 2496.0
324.0 2394.0
2275.0 2416.0
254.0 2471.0
1640.0 2532.0
765.0 2545.0
462.0 2224.0
1698.0 2315.0
1105.0 1492.0
399.0 2689.0
1805.0 1809.0
1042.0 1043.0
195.0 2396.0
1941.0 2149.0
1460.0 1461.0
604.0 2647.0
1610.0 2534.0
141.0 1263.0
1510.0 1559.0
649.0 1700.0
2056.0 2161.0
597.0 1074.0
697.0 1924.0
2052.0 2053.0
1468.0 2455.0
1923.0 1929.0
1595.0 1597.0
435.0 1553.0
1638.0 2197.0
229.0 1401.0
980.0 1575.0
1206.0 1481.0
159.0 1154.0
935.0 1757.0
1448.0 2700.0
1186.0 2069.0
1731.0 1739.0
860.0 968.0
464.0 2349.0
1359.0 1851.0
57.0 1051.0
1650.0 1771.0
87.0 927.0
150.0 2235.0
116.0 1761.0
1936.0 2221.0
2343.0 2466.0
24.0 1214.0
1519.0 2616.0
1532.0 1534.0
2134.0 2605.0
385.0 2203.0
99.0 1535.0
1942.0 2150.0
1265.0 1646.0
177.0 414.0
52.0 1886.0
1874.0 1875.0
702.0 1252.0
10.0 374.0
1132.0 1897.0
800.0 1192.0
664.0 967.0
834.0 1111.0
1279.0 1692.0
172.0 2529.0
410.0 2458.0
805.0 2611.0
1261.0 1298.0
1020.0 1644.0
1232.0 1868.0
2002.0 2400.0
344.0 2364.0
273.0 564.0
2259.0 2479.0
347.0 2155.0
269.0 2388.0
1992.0 2341.0
1874.0 2233.0
252.0 2659.0
1211.0 1360.0
2.0 1727.0
596.0 2367.0
1357.0 2223.0
281.0 1024.0
3.0 2151.0
2107.0 2390.0
97.0 596.0
1531.0 2421.0
1254.0 2670.0
1344.0 2703.0
1706.0 2317.0
1726.0 1736.0
1722.0 2344.0
1105.0 2394.0
560.0 1337.0
1483.0 2573.0
860.0 1296.0
1980.0 2242.0
173.0 2631.0
1361.0 1850.0
1363.0 2240.0
296.0 762.0
908.0 1781.0
1018.0 1019.0
821.0 1856.0
12.0 2010.0
238.0 1970.0
1106.0 1550.0
1781.0 2443.0
2120.0 2405.0
283.0 1518.0
1276.0 1277.0
93.0 1483.0
867.0 1276.0
1280.0 1281.0
1219.0 2252.0
715.0 1252.0
2324.0 2645.0
880.0 2569.0
439.0 572.0
603.0 2227.0
1718.0 1774.0
618.0 2197.0
2327.0 2383.0
2438.0 2616.0
537.0 2441.0
615.0 1556.0
160.0 2123.0
754.0 1995.0
1268.0 2061.0
1273.0 1437.0
299.0 452.0
123.0 152.0
1432.0 2232.0
923.0 1343.0
1735.0 2453.0
1184.0 2272.0
1029.0 1632.0
1613.0 1627.0
531.0 1734.0
1039.0 2393.0
898.0 1899.0
977.0 1250.0
721.0 1912.0
2004.0 2062.0
864.0 1596.0
371.0 397.0
1972.0 2107.0
1286.0 1895.0
481.0 1658.0
1544.0 2633.0
322.0 1046.0
468.0 1596.0
1036.0 2205.0
1874.0 1928.0
1571.0 1604.0
607.0 2431.0
594.0 2437.0
1913.0 2375.0
659.0 2499.0
2004.0 2009.0
821.0 2523.0
1737.0 1762.0
369.0 1996.0
919.0 1306.0
816.0 985.0
1107.0 1567.0
91.0 119.0
703.0 2152.0
1014.0 1039.0
505.0 1133.0
2156.0 2399.0
865.0 1033.0
2230.0 2357.0
641.0 1688.0
177.0 1011.0
1033.0 1634.0
215.0 1440.0
119.0 2511.0
817.0 2455.0
1406.0 2515.0
73.0 1203.0
308.0 1838.0
24.0 1993.0
1424.0 1968.0
696.0 2407.0
1775.0 2499.0
1565.0 1909.0
241.0 2262.0
877.0 2537.0
875.0 1939.0
666.0 910.0
41.0 1615.0
1052.0 2210.0
812.0 1515.0
753.0 2252.0
1111.0 2105.0
138.0 2590.0
477.0 2205.0
2130.0 2636.0
196.0 983.0
103.0 1567.0
1884.0 2670.0
1381.0 1992.0
1295.0 1772.0
1476.0 2012.0
322.0 809.0
1540.0 1541.0
2008.0 2469.0
622.0 1027.0
696.0 1921.0
344.0 896.0
184.0 1237.0
1687.0 2460.0
1991.0 2253.0
367.0 2049.0
153.0 2363.0
1549.0 1587.0
283.0 1081.0
193.0 975.0
883.0 1996.0
806.0 1179.0
1299.0 2622.0
651.0 2442.0
887.0 1525.0
808.0 1498.0
1159.0 2627.0
184.0 1903.0
408.0 1443.0
170.0 1870.0
528.0 1460.0
1156.0 2562.0
294.0 295.0
43.0 101.0
155.0 559.0
1458.0 2650.0
1444.0 1965.0
568.0 2527.0
17.0 2479.0
345.0 1834.0
798.0 2074.0
583.0 1312.0
1212.0 2588.0
645.0 1677.0
720.0 2370.0
1013.0 1624.0
2507.0 2662.0
1635.0 2393.0
241.0 2115.0
116.0 2352.0
1999.0 2573.0
2315.0 2441.0
1282.0 1707.0
89.0 268.0
472.0 1567.0
573.0 2439.0
159.0 2106.0
503.0 846.0
435.0 470.0
399.0 1203.0
2127.0 2554.0
1307.0 1910.0
1404.0 1714.0
821.0 1274.0
1114.0 2420.0
1770.0 2695.0
800.0 1995.0
1634.0 2486.0
1704.0 2673.0
1087.0 1088.0
642.0 1690.0
916.0 1920.0
164.0 1901.0
1032.0 2205.0
2272.0 2565.0
1809.0 1979.0
664.0 968.0
1808.0 2341.0
76.0 756.0
1570.0 2531.0
917.0 2407.0
834.0 1223.0
2134.0 2137.0
2533.0 2628.0
23.0 1213.0
870.0 2072.0
1301.0 1787.0
1539.0 2218.0
370.0 2013.0
786.0 2111.0
10.0 2166.0
898.0 2569.0
2252.0 2672.0
1211.0 1472.0
1694.0 2622.0
1013.0 2193.0
352.0 936.0
118.0 2455.0
5.0 729.0
1031.0 1032.0
601.0 1585.0
677.0 1740.0
1061.0 1645.0
2234.0 2238.0
740.0 920.0
551.0 1952.0
1596.0 2236.0
64.0 472.0
1258.0 1260.0
1204.0 1982.0
1361.0 1849.0
1255.0 2161.0
153.0 2370.0
2269.0 2662.0
1710.0 1779.0
2368.0 2393.0
1494.0 1842.0
743.0 2378.0
526.0 2324.0
896.0 2100.0
1686.0 2406.0
946.0 1266.0
818.0 2512.0
225.0 1052.0
1940.0 2148.0
468.0 1100.0
1439.0 1804.0
1268.0 2062.0
296.0 2020.0
1440.0 1813.0
854.0 1842.0
1545.0 2207.0
2059.0 2160.0
1148.0 1810.0
614.0 1106.0
1557.0 1568.0
587.0 2082.0
30.0 599.0
617.0 2198.0
1350.0 2033.0
234.0 1449.0
622.0 892.0
2058.0 2059.0
1447.0 2465.0
1326.0 2325.0
2332.0 2349.0
347.0 927.0
1754.0 2512.0
102.0 1651.0
1396.0 1397.0
977.0 1249.0
547.0 1927.0
80.0 1260.0
935.0 1209.0
2242.0 2528.0
481.0 1657.0
1549.0 1550.0
11.0 892.0
1026.0 1613.0
1456.0 2458.0
613.0 1537.0
1473.0 1568.0
342.0 2325.0
485.0 1610.0
1714.0 2329.0
613.0 2214.0
443.0 1682.0
2402.0 2676.0
7.0 25.0
1048.0 2403.0
1227.0 1998.0
1236.0 1904.0
157.0 349.0
718.0 2362.0
378.0 2507.0
90.0 2503.0
2131.0 2133.0
194.0 885.0
457.0 2597.0
1431.0 1968.0
974.0 1753.0
870.0 2014.0
1284.0 1890.0
199.0 1590.0
1551.0 1552.0
24.0 1994.0
847.0 2563.0
1302.0 1306.0
1892.0 2670.0
126.0 804.0
1043.0 1642.0
847.0 1161.0
89.0 2659.0
156.0 876.0
729.0 1898.0
224.0 2358.0
1520.0 2530.0
513.0 1842.0
2114.0 2553.0
365.0 2335.0
122.0 1612.0
798.0 1997.0
764.0 1267.0
1117.0 2405.0
1015.0 1625.0
536.0 1276.0
367.0 1226.0
1849.0 1850.0
696.0 1922.0
1265.0 1783.0
169.0 1594.0
311.0 2451.0
80.0 907.0
172.0 1979.0
179.0 1373.0
1464.0 1755.0
720.0 919.0
557.0 1916.0
37.0 2223.0
136.0 2672.0
1887.0 1888.0
1453.0 2454.0
76.0 834.0
777.0 1313.0
1014.0 2416.0
105.0 2355.0
1016.0 2196.0
303.0 1270.0
1998.0 2156.0
1221.0 2548.0
908.0 2443.0
2308.0 2443.0
815.0 940.0
395.0 1733.0
108.0 864.0
1469.0 1471.0
184.0 1904.0
701.0 1249.0
597.0 1072.0
1035.0 2438.0
91.0 2455.0
1269.0 2362.0
25.0 753.0
63.0 105.0
968.0 1291.0
251.0 921.0
1808.0 1813.0
1660.0 1856.0
1332.0 1935.0
345.0 1833.0
729.0 1418.0
281.0 953.0
117.0 2502.0
2023.0 2024.0
1479.0 2082.0
338.0 1101.0
2311.0 2406.0
1274.0 1660.0
1235.0 1262.0
1968.0 2241.0
241.0 2114.0
262.0 2678.0
984.0 1558.0
131.0 133.0
1622.0 1625.0
547.0 2521.0
1613.0 1634.0
198.0 223.0
1401.0 2444.0
1274.0 1886.0
489.0 1606.0
332.0 2016.0
118.0 817.0
1804.0 2335.0
1933.0 2173.0
2104.0 2506.0
199.0 1505.0
703.0 1253.0
665.0 2498.0
1322.0 1789.0
460.0 1462.0
208.0 1703.0
1150.0 2709.0
1283.0 1590.0
916.0 1921.0
44.0 1944.0
684.0 2248.0
715.0 1274.0
422.0 600.0
904.0 1831.0
1012.0 1800.0
1060.0 1538.0
1279.0 1694.0
1156.0 2640.0
137.0 2589.0
1988.0 2017.0
664.0 1777.0
1524.0 1525.0
831.0 1871.0
868.0 2496.0
223.0 331.0
573.0 1212.0
159.0 783.0
1417.0 2295.0
1072.0 2620.0
28.0 2010.0
2050.0 2702.0
156.0 2515.0
123.0 1824.0
2061.0 2470.0
1546.0 2359.0
697.0 2146.0
1154.0 2564.0
724.0 1933.0
1622.0 2253.0
206.0 1703.0
2157.0 2395.0
150.0 2282.0
601.0 1584.0
446.0 949.0
2000.0 2020.0
837.0 2549.0
2060.0 2470.0
623.0 1085.0
595.0 2220.0
167.0 1067.0
931.0 2222.0
2151.0 2676.0
1494.0 1843.0
909.0 967.0
638.0 1637.0
1871.0 2232.0
605.0 1597.0
1214.0 1993.0
92.0 188.0
1206.0 2689.0
2016.0 2388.0
134.0 1916.0
391.0 699.0
1856.0 2149.0
1303.0 2362.0
973.0 1715.0
1063.0 1538.0
142.0 758.0
644.0 1692.0
532.0 1686.0
1268.0 2063.0
757.0 1266.0
669.0 2492.0
2454.0 2510.0
854.0 1843.0
1629.0 1783.0
859.0 1771.0
1473.0 2155.0
433.0 682.0
1821.0 1898.0
146.0 2429.0
132.0 1939.0
448.0 472.0
1277.0 2315.0
231.0 1715.0
329.0 331.0
150.0 1899.0
1938.0 1940.0
215.0 1971.0
1358.0 1363.0
1247.0 1677.0
547.0 1926.0
295.0 840.0
927.0 2155.0
1923.0 2146.0
296.0 841.0
1288.0 2163.0
1154.0 2271.0
216.0 1551.0
2406.0 2606.0
1692.0 1694.0
1728.0 1743.0
1122.0 2130.0
1179.0 2073.0
436.0 1330.0
1069.0 2634.0
2483.0 2485.0
12.0 577.0
529.0 681.0
1209.0 1471.0
808.0 1504.0
237.0 1338.0
1102.0 1586.0
2131.0 2132.0
1543.0 2220.0
1441.0 2701.0
1785.0 1786.0
666.0 1764.0
1211.0 1724.0
1685.0 1747.0
1482.0 2573.0
1756.0 2248.0
73.0 1201.0
560.0 1832.0
101.0 1652.0
698.0 1926.0
1243.0 1946.0
1924.0 1925.0
44.0 2643.0
2033.0 2425.0
123.0 738.0
729.0 1897.0
2102.0 2476.0
1499.0 1510.0
1019.0 1481.0
16.0 2258.0
536.0 1277.0
351.0 688.0
82.0 1703.0
414.0 1610.0
1529.0 2421.0
1038.0 2207.0
2207.0 2537.0
1172.0 1173.0
457.0 886.0
788.0 1182.0
37.0 2222.0
98.0 608.0
1407.0 1813.0
2252.0 2389.0
1730.0 2502.0
40.0 2541.0
1022.0 2484.0
1161.0 1162.0
1473.0 1724.0
841.0 1478.0
1412.0 1865.0
1729.0 2231.0
536.0 2313.0
553.0 918.0
393.0 1553.0
880.0 1835.0
1735.0 2510.0
169.0 814.0
669.0 969.0
17.0 2110.0
548.0 1262.0
1385.0 1407.0
738.0 1336.0
1686.0 1689.0
269.0 332.0
762.0 841.0
583.0 2425.0
83.0 767.0
837.0 1350.0
1036.0 1528.0
1274.0 1887.0
221.0 2593.0
1945.0 2676.0
302.0 2466.0
1066.0 1542.0
79.0 905.0
1016.0 1636.0
1810.0 2288.0
1233.0 1305.0
1446.0 1447.0
1749.0 1750.0
1257.0 2312.0
1241.0 2488.0
232.0 347.0
431.0 1073.0
2230.0 2368.0
301.0 758.0
76.0 1998.0
1230.0 2425.0
1037.0 1039.0
831.0 1870.0
1464.0 2248.0
1224.0 2049.0
645.0 2311.0
2074.0 2430.0
28.0 2011.0
761.0 2429.0
369.0 883.0
1289.0 2004.0
222.0 1589.0
380.0 1929.0
181.0 612.0
702.0 1950.0
2226.0 2423.0
38.0 1965.0
191.0 893.0
1449.0 2505.0
647.0 1682.0
38.0 2516.0
1202.0 2538.0
1786.0 2645.0
1308.0 1919.0
1705.0 2497.0
725.0 1947.0
1211.0 2456.0
65.0 2395.0
128.0 551.0
2126.0 2272.0
325.0 382.0
165.0 1257.0
58.0 283.0
1057.0 1079.0
1990.0 2005.0
179.0 729.0
946.0 1264.0
2136.0 2605.0
204.0 2506.0
1620.0 2192.0
391.0 698.0
1028.0 1029.0
623.0 1633.0
1913.0 2171.0
690.0 1148.0
820.0 975.0
175.0 1232.0
1452.0 2504.0
936.0 1220.0
532.0 1687.0
1609.0 1627.0
1657.0 2174.0
1619.0 2486.0
1234.0 2152.0
1225.0 2003.0
834.0 2682.0
533.0 2460.0
953.0 2200.0
823.0 1307.0
814.0 1098.0
2068.0 2163.0
122.0 177.0
858.0 1773.0
1215.0 1991.0
2195.0 2416.0
52.0 715.0
329.0 330.0
499.0 950.0
2127.0 2281.0
286.0 1068.0
1460.0 1748.0
546.0 916.0
240.0 1429.0
2021.0 2429.0
981.0 2176.0
1932.0 2172.0
2.0 2352.0
811.0 1066.0
1270.0 2489.0
48.0 1898.0
345.0 920.0
322.0 1045.0
1874.0 1927.0
8.0 1224.0
622.0 2531.0
2076.0 2446.0
948.0 2124.0
174.0 1248.0
125.0 1358.0
837.0 924.0
496.0 2066.0
904.0 2169.0
2236.0 2353.0
1623.0 2275.0
58.0 1512.0
1047.0 2618.0
151.0 609.0
122.0 1011.0
478.0 2208.0
1302.0 1304.0
650.0 1703.0
531.0 2456.0
1043.0 2357.0
1887.0 2524.0
2068.0 2071.0
1763.0 2242.0
1479.0 2398.0
480.0 2210.0
206.0 1692.0
555.0 1181.0
387.0 467.0
745.0 831.0
1445.0 2364.0
1853.0 2223.0
608.0 609.0
382.0 2592.0
815.0 2236.0
316.0 2029.0
78.0 1780.0
65.0 2307.0
367.0 2050.0
97.0 462.0
919.0 1911.0
1640.0 2393.0
416.0 2485.0
1244.0 1687.0
702.0 875.0
60.0 1556.0
1387.0 1877.0
252.0 1804.0
2100.0 2257.0
1748.0 2454.0
1786.0 1800.0
1747.0 2247.0
1704.0 1706.0
2050.0 2071.0
749.0 2023.0
6.0 366.0
543.0 2505.0
620.0 1024.0
776.0 2112.0
533.0 1687.0
1099.0 2394.0
613.0 810.0
981.0 982.0
1231.0 1350.0
1589.0 2357.0
92.0 1150.0
1630.0 1783.0
821.0 1283.0
217.0 219.0
953.0 1615.0
1040.0 1041.0
1282.0 1702.0
1290.0 2009.0
554.0 2169.0
1033.0 2204.0
684.0 1464.0
52.0 1254.0
386.0 2350.0
1724.0 2513.0
1170.0 2478.0
399.0 1212.0
409.0 2504.0
5.0 1418.0
1633.0 2202.0
1481.0 2197.0
109.0 1522.0
642.0 1689.0
1322.0 2327.0
235.0 1904.0
374.0 2690.0
276.0 401.0
1929.0 2535.0
662.0 1777.0
181.0 284.0
303.0 2525.0
304.0 1557.0
204.0 2102.0
699.0 832.0
1706.0 2673.0
2121.0 2132.0
1085.0 2520.0
1266.0 2059.0
301.0 757.0
1889.0 1890.0
103.0 958.0
489.0 1022.0
499.0 1121.0
86.0 87.0
1704.0 2316.0
625.0 1547.0
1717.0 1954.0
1305.0 2375.0
1152.0 2270.0
2107.0 2557.0
717.0 1285.0
169.0 2423.0
181.0 611.0
1412.0 2583.0
1158.0 2103.0
2021.0 2069.0
812.0 843.0
342.0 1354.0
100.0 2209.0
113.0 1682.0
1805.0 2529.0
811.0 1541.0
653.0 858.0
52.0 1274.0
30.0 1082.0
1805.0 2243.0
1192.0 2078.0
338.0 2675.0
1258.0 1259.0
705.0 1842.0
2265.0 2563.0
661.0 1779.0
1072.0 1514.0
1494.0 1841.0
423.0 2117.0
393.0 614.0
605.0 1595.0
314.0 2452.0
329.0 1620.0
980.0 2409.0
324.0 473.0
2002.0 2590.0
1748.0 2510.0
973.0 2329.0
973.0 1713.0
615.0 1552.0
1219.0 2542.0
2103.0 2257.0
160.0 787.0
392.0 2635.0
2208.0 2359.0
843.0 1515.0
1074.0 1081.0
62.0 105.0
463.0 1514.0
1180.0 2273.0
1251.0 1939.0
1271.0 1944.0
742.0 1358.0
433.0 680.0
676.0 1731.0
1040.0 2671.0
1752.0 2454.0
1241.0 2687.0
806.0 2005.0
12.0 2078.0
1358.0 1361.0
1214.0 2197.0
547.0 1928.0
953.0 1022.0
535.0 2344.0
1848.0 1849.0
1295.0 2322.0
828.0 2669.0
1696.0 2601.0
945.0 2471.0
777.0 1290.0
8.0 1225.0
1431.0 1432.0
1623.0 2648.0
2076.0 2328.0
1941.0 2523.0
2170.0 2526.0
1236.0 1907.0
1303.0 2170.0
1024.0 1571.0
624.0 1031.0
1299.0 2308.0
1320.0 1321.0
1054.0 2174.0
1306.0 1911.0
455.0 1915.0
2134.0 2406.0
1289.0 2072.0
308.0 1834.0
151.0 608.0
469.0 2353.0
652.0 1271.0
2348.0 2530.0
2115.0 2553.0
211.0 1722.0
534.0 1298.0
2281.0 2554.0
299.0 2311.0
847.0 1162.0
1514.0 1525.0
335.0 1623.0
47.0 1544.0
193.0 391.0
1945.0 2488.0
1122.0 1955.0
168.0 338.0
275.0 883.0
1971.0 2557.0
1757.0 1760.0
2123.0 2269.0
896.0 2257.0
2282.0 2619.0
58.0 464.0
1222.0 1924.0
1582.0 2616.0
1387.0 1876.0
231.0 540.0
1935.0 2596.0
1510.0 2350.0
1162.0 2017.0
230.0 1403.0
1686.0 2460.0
1723.0 1728.0
1747.0 2246.0
119.0 2697.0
749.0 2022.0
675.0 1951.0
287.0 1062.0
533.0 1686.0
1396.0 2238.0
324.0 981.0
1694.0 2340.0
1103.0 2353.0
981.0 2593.0
323.0 1559.0
303.0 1557.0
1118.0 2405.0
1320.0 2492.0
1686.0 1695.0
1589.0 2356.0
153.0 721.0
1894.0 2374.0
1094.0 1098.0
150.0 2253.0
1036.0 1530.0
495.0 1457.0
1516.0 2349.0
1540.0 2348.0
1170.0 2110.0
77.0 1922.0
2303.0 2706.0
1653.0 2134.0
231.0 973.0
1742.0 2452.0
1514.0 2620.0
235.0 1907.0
284.0 886.0
724.0 2173.0
1081.0 1504.0
2305.0 2658.0
622.0 1631.0
1800.0 2325.0
926.0 1835.0
1079.0 2403.0
1294.0 1295.0
557.0 2677.0
1068.0 2632.0
389.0 447.0
400.0 1212.0
280.0 1614.0
810.0 1531.0
2137.0 2554.0
1180.0 2415.0
577.0 2026.0
1632.0 1640.0
750.0 2027.0
2246.0 2247.0
125.0 562.0
625.0 1546.0
99.0 459.0
723.0 1310.0
1649.0 1768.0
694.0 1133.0
1046.0 1526.0
418.0 1908.0
2444.0 2492.0
314.0 2700.0
718.0 918.0
2306.0 2493.0
1039.0 2368.0
1557.0 2307.0
309.0 1407.0
1243.0 1250.0
1776.0 2695.0
1223.0 2420.0
30.0 1083.0
1301.0 2467.0
499.0 2135.0
904.0 1339.0
21.0 1677.0
1373.0 1821.0
880.0 926.0
1659.0 2224.0
2389.0 2672.0
1492.0 1552.0
1302.0 2526.0
1516.0 1518.0
1120.0 2127.0
1570.0 2593.0
1686.0 2187.0
744.0 1947.0
605.0 1594.0
2520.0 2591.0
2112.0 2241.0
2252.0 2542.0
2605.0 2606.0
1744.0 2691.0
66.0 1566.0
877.0 1478.0
240.0 1813.0
113.0 537.0
1838.0 2377.0
1539.0 1540.0
528.0 1746.0
1730.0 2625.0
615.0 1555.0
2022.0 2540.0
1440.0 1978.0
91.0 2512.0
701.0 1943.0
1444.0 2017.0
1116.0 2118.0
217.0 2355.0
119.0 2455.0
1750.0 2244.0
2176.0 2184.0
1065.0 2342.0
742.0 1359.0
191.0 479.0
1121.0 1122.0
2383.0 2583.0
3.0 1409.0
1266.0 2544.0
1626.0 2416.0
182.0 1185.0
170.0 745.0
1444.0 1445.0
1526.0 2225.0
716.0 1868.0
102.0 1655.0
65.0 326.0
2195.0 2275.0
1774.0 2499.0
38.0 2151.0
1407.0 2151.0
13.0 111.0
623.0 892.0
738.0 1826.0
270.0 1213.0
165.0 645.0
1057.0 1527.0
1929.0 2146.0
154.0 2370.0
1210.0 1759.0
457.0 863.0
196.0 2176.0
1026.0 1609.0
1965.0 1966.0
457.0 808.0
8.0 1226.0
362.0 2619.0
2406.0 2605.0
938.0 2528.0
551.0 715.0
884.0 2507.0
1202.0 2000.0
577.0 777.0
945.0 2065.0
1426.0 1972.0
21.0 2606.0
1089.0 1090.0
1620.0 2230.0
705.0 1369.0
97.0 1644.0
1260.0 1261.0
395.0 1757.0
108.0 888.0
419.0 723.0
82.0 651.0
390.0 1872.0
1248.0 2652.0
158.0 204.0
2495.0 2601.0
869.0 2196.0
875.0 1243.0
2010.0 2011.0
1432.0 1989.0
165.0 434.0
1536.0 2215.0
433.0 2454.0
877.0 2387.0
1441.0 2239.0
2064.0 2065.0
642.0 1244.0
746.0 1388.0
1598.0 2198.0
2465.0 2643.0
1425.0 2659.0
761.0 2069.0
335.0 1622.0
1955.0 1980.0
179.0 855.0
74.0 131.0
618.0 1604.0
1939.0 2148.0
238.0 1805.0
315.0 2352.0
464.0 1518.0
725.0 2221.0
1299.0 1694.0
698.0 975.0
905.0 963.0
422.0 1082.0
1222.0 1925.0
365.0 1432.0
1080.0 1081.0
2231.0 2691.0
177.0 342.0
1381.0 1385.0
1241.0 2514.0
1567.0 2533.0
416.0 488.0
1253.0 2152.0
1201.0 2565.0
705.0 1494.0
306.0 1339.0
77.0 936.0
48.0 690.0
142.0 2056.0
1034.0 2438.0
750.0 1996.0
366.0 2005.0
625.0 1645.0
907.0 1261.0
211.0 1768.0
100.0 893.0
715.0 1660.0
1071.0 1515.0
617.0 1598.0
135.0 1215.0
659.0 1773.0
408.0 915.0
152.0 829.0
486.0 636.0
396.0 1868.0
1995.0 2005.0
1282.0 1700.0
1955.0 2478.0
322.0 612.0
950.0 1122.0
1105.0 1587.0
2216.0 2519.0
1751.0 1756.0
286.0 2434.0
1513.0 2634.0
326.0 2395.0
1288.0 2062.0
598.0 1049.0
665.0 2502.0
16.0 786.0
1429.0 1972.0
478.0 1050.0
460.0 1537.0
304.0 1833.0
1602.0 1603.0
457.0 2213.0
1979.0 2243.0
454.0 1894.0
1249.0 1946.0
1172.0 2112.0
10.0 2446.0
487.0 891.0
1266.0 2057.0
1511.0 2332.0
1354.0 1789.0
694.0 842.0
982.0 1578.0
701.0 2522.0
59.0 1473.0
1268.0 2470.0
1159.0 2257.0
2335.0 2529.0
290.0 614.0
1916.0 1917.0
132.0 133.0
1646.0 1702.0
718.0 1269.0
418.0 1909.0
137.0 1995.0
191.0 2420.0
1326.0 2306.0
1805.0 2335.0
2105.0 2116.0
193.0 300.0
875.0 1660.0
2170.0 2594.0
1226.0 2049.0
1653.0 2406.0
113.0 2314.0
1495.0 2659.0
977.0 1946.0
1308.0 1914.0
1568.0 2307.0
284.0 1030.0
288.0 1089.0
981.0 2394.0
805.0 976.0
9.0 1245.0
1014.0 2194.0
601.0 2351.0
1361.0 1869.0
1087.0 1520.0
753.0 1217.0
1989.0 2232.0
1571.0 1599.0
1705.0 2673.0
2231.0 2650.0
744.0 1948.0
1082.0 2436.0
535.0 1298.0
279.0 828.0
946.0 1263.0
695.0 1920.0
408.0 1730.0
78.0 2629.0
132.0 549.0
615.0 1554.0
744.0 1737.0
465.0 2520.0
2134.0 2281.0
665.0 675.0
568.0 2238.0
701.0 1942.0
1289.0 2163.0
921.0 1387.0
786.0 2479.0
217.0 2354.0
1750.0 2245.0
419.0 1310.0
242.0 403.0
814.0 1097.0
1543.0 1544.0
30.0 600.0
2064.0 2471.0
1046.0 1056.0
921.0 2653.0
3.0 1408.0
1733.0 1734.0
61.0 958.0
1227.0 2057.0
246.0 2702.0
109.0 2174.0
143.0 2468.0
854.0 1664.0
752.0 1990.0
1488.0 2082.0
65.0 325.0
1843.0 1845.0
1301.0 2645.0
1476.0 2022.0
824.0 1329.0
2113.0 2271.0
117.0 1647.0
1929.0 2145.0
1099.0 2591.0
14.0 1159.0
828.0 2671.0
788.0 1158.0
587.0 1488.0
92.0 126.0
347.0 1851.0
20.0 643.0
351.0 1235.0
616.0 1044.0
314.0 2503.0
552.0 715.0
1035.0 1530.0
174.0 1946.0
1084.0 1517.0
2206.0 2532.0
479.0 2209.0
1512.0 2212.0
645.0 1247.0
1701.0 1702.0
1847.0 2536.0
419.0 722.0
170.0 1876.0
371.0 749.0
1872.0 1927.0
842.0 926.0
1505.0 1590.0
1926.0 1928.0
243.0 423.0
1306.0 2525.0
568.0 1966.0
1104.0 1492.0
556.0 823.0
662.0 2464.0
438.0 2304.0
1586.0 2228.0
1629.0 1702.0
1567.0 2628.0
151.0 610.0
652.0 1265.0
89.0 239.0
1467.0 1756.0
748.0 2241.0
1908.0 1909.0
2226.0 2520.0
682.0 1747.0
1713.0 2329.0
542.0 2503.0
546.0 1237.0
324.0 1578.0
2306.0 2325.0
2378.0 2607.0
842.0 1814.0
116.0 315.0
1849.0 1853.0
618.0 1605.0
1479.0 2574.0
133.0 1262.0
38.0 2402.0
170.0 1381.0
535.0 2495.0
1535.0 2436.0
651.0 1698.0
1938.0 2148.0
2342.0 2519.0
1691.0 2340.0
2161.0 2545.0
31.0 481.0
937.0 1070.0
323.0 2187.0
768.0 2060.0
2318.0 2319.0
887.0 1523.0
1015.0 1214.0
864.0 888.0
611.0 1045.0
593.0 1538.0
1180.0 1192.0
2119.0 2654.0
212.0 1244.0
52.0 2153.0
294.0 2074.0
1627.0 2486.0
206.0 650.0
534.0 964.0
1999.0 2086.0
478.0 1546.0
100.0 2420.0
1750.0 2339.0
165.0 452.0
394.0 530.0
218.0 382.0
776.0 2258.0
907.0 1260.0
1531.0 1536.0
1225.0 1226.0
154.0 1829.0
605.0 888.0
860.0 967.0
225.0 1652.0
1415.0 1417.0
1019.0 2482.0
1472.0 2456.0
2005.0 2082.0
60.0 290.0
587.0 1999.0
1282.0 1701.0
1099.0 1587.0
2157.0 2307.0
1065.0 2216.0
949.0 1053.0
695.0 1237.0
246.0 2051.0
964.0 1258.0
860.0 1291.0
1066.0 1685.0
1054.0 1522.0
1288.0 2063.0
251.0 2653.0
173.0 193.0
253.0 883.0
1456.0 2504.0
164.0 2288.0
980.0 2162.0
460.0 1538.0
678.0 2505.0
750.0 2387.0
1443.0 1739.0
167.0 1521.0
410.0 678.0
2269.0 2479.0
1871.0 1872.0
1172.0 2113.0
454.0 1270.0
1721.0 1724.0
2270.0 2477.0
1980.0 1981.0
485.0 486.0
104.0 1554.0
1224.0 2053.0
90.0 409.0
1916.0 1918.0
143.0 262.0
1174.0 2662.0
1034.0 2205.0
87.0 741.0
828.0 2193.0
1703.0 1781.0
2021.0 2066.0
1038.0 1644.0
396.0 1905.0
1530.0 2214.0
757.0 946.0
811.0 1542.0
1905.0 1906.0
66.0 1287.0
220.0 1564.0
2107.0 2125.0
1267.0 2469.0
909.0 1770.0
517.0 1821.0
150.0 2398.0
1321.0 1786.0
1712.0 2501.0
1575.0 2162.0
977.0 1945.0
302.0 1780.0
548.0 1952.0
598.0 2403.0
1465.0 2029.0
720.0 739.0
1184.0 1202.0
862.0 973.0
387.0 1093.0
1747.0 2613.0
1037.0 1643.0
66.0 1564.0
1339.0 1831.0
408.0 1731.0
352.0 1925.0
969.0 1318.0
270.0 573.0
1695.0 2187.0
843.0 1073.0
81.0 1702.0
1095.0 2611.0
372.0 750.0
1099.0 1105.0
1639.0 1647.0
541.0 1740.0
748.0 1424.0
595.0 1067.0
793.0 1719.0
921.0 1386.0
548.0 1235.0
1207.0 1564.0
2423.0 2647.0
2009.0 2380.0
207.0 2442.0
1619.0 2200.0
218.0 473.0
333.0 1100.0
1578.0 2154.0
911.0 2645.0
104.0 448.0
1643.0 2688.0
56.0 291.0
752.0 1991.0
305.0 1320.0
1361.0 1363.0
496.0 2565.0
719.0 1909.0
1122.0 1720.0
1596.0 2424.0
599.0 1060.0
378.0 884.0
1631.0 1641.0
198.0 1558.0
985.0 1589.0
94.0 1479.0
648.0 1699.0
212.0 1686.0
1562.0 2394.0
1265.0 1630.0
369.0 1465.0
1543.0 2646.0
216.0 1556.0
311.0 1779.0
157.0 565.0
2109.0 2564.0
42.0 1027.0
193.0 917.0
550.0 875.0
1686.0 2308.0
945.0 2071.0
586.0 1482.0
2053.0 2543.0
1750.0 2453.0
397.0 571.0
1146.0 2568.0
1467.0 2245.0
465.0 1585.0
1756.0 2245.0
675.0 1730.0
73.0 1204.0
2249.0 2455.0
1115.0 2404.0
1578.0 1908.0
1539.0 2438.0
291.0 1114.0
1699.0 1700.0
2124.0 2507.0
967.0 1777.0
1373.0 1390.0
238.0 1495.0
128.0 1884.0
2127.0 2136.0
2109.0 2557.0
813.0 2332.0
793.0 1231.0
80.0 867.0
1896.0 2234.0
621.0 1613.0
76.0 922.0
1288.0 2068.0
1111.0 2682.0
2448.0 2512.0
396.0 716.0
1179.0 1664.0
937.0 1069.0
1835.0 2569.0
1513.0 1686.0
209.0 1630.0
2226.0 2647.0
153.0 1912.0
540.0 1404.0
593.0 1537.0
431.0 2401.0
235.0 1236.0
1306.0 1831.0
409.0 1451.0
1726.0 2607.0
2293.0 2327.0
786.0 2258.0
386.0 1084.0
892.0 2480.0
303.0 2169.0
1590.0 1713.0
25.0 1217.0
1363.0 1869.0
2229.0 2513.0
1925.0 2173.0
143.0 301.0
577.0 2073.0
421.0 2023.0
1071.0 1525.0
496.0 2415.0
2060.0 2164.0
715.0 1884.0
1052.0 1653.0
1084.0 2350.0
1044.0 1605.0
308.0 561.0
1432.0 1439.0
2476.0 2627.0
1360.0 2229.0
57.0 2612.0
1731.0 2502.0
82.0 1781.0
964.0 1259.0
517.0 1865.0
536.0 1246.0
2114.0 2118.0
650.0 2622.0
560.0 740.0
276.0 1205.0
669.0 1322.0
447.0 976.0
27.0 2061.0
77.0 2407.0
207.0 1700.0
1465.0 2000.0
1233.0 1308.0
329.0 2230.0
382.0 473.0
1891.0 2171.0
2202.0 2422.0
2.0 1470.0
1144.0 2627.0
1809.0 2125.0
279.0 2534.0
96.0 2620.0
1104.0 1105.0
1754.0 2639.0
723.0 1929.0
685.0 1469.0
232.0 1851.0
100.0 1547.0
107.0 1517.0
30.0 422.0
1297.0 2451.0
1695.0 2343.0
2125.0 2564.0
2062.0 2063.0
1927.0 2233.0
1034.0 2202.0
1592.0 1598.0
220.0 1565.0
533.0 1244.0
1085.0 2591.0
61.0 1567.0
141.0 2471.0
1321.0 1785.0
367.0 2400.0
171.0 865.0
1216.0 2672.0
1753.0 2512.0
1477.0 2028.0
1302.0 2525.0
1571.0 1616.0
1494.0 1845.0
346.0 1847.0
299.0 1687.0
66.0 1565.0
6.0 2389.0
352.0 1926.0
230.0 1719.0
598.0 1511.0
1628.0 1632.0
81.0 1701.0
1912.0 2370.0
740.0 1827.0
924.0 1350.0
284.0 2597.0
982.0 1588.0
662.0 1122.0
629.0 1281.0
648.0 1280.0
572.0 2588.0
910.0 2136.0
467.0 814.0
541.0 1739.0
88.0 569.0
448.0 1554.0
99.0 2215.0
595.0 1066.0
1159.0 2103.0
985.0 2186.0
2049.0 2050.0
167.0 466.0
1029.0 1640.0
592.0 1538.0
21.0 1258.0
2029.0 2538.0
175.0 1905.0
1622.0 2275.0
111.0 1179.0
178.0 2414.0
513.0 1839.0
459.0 591.0
599.0 1063.0
859.0 2614.0
2014.0 2072.0
321.0 610.0
395.0 935.0
323.0 1068.0
876.0 2687.0
985.0 1588.0
2113.0 2269.0
1969.0 1970.0
1848.0 1853.0
1265.0 1629.0
113.0 1278.0
827.0 2666.0
1410.0 2383.0
279.0 636.0
87.0 2155.0
756.0 2002.0
1270.0 1303.0
333.0 2424.0
254.0 2051.0
416.0 1616.0
602.0 2226.0
688.0 1904.0
586.0 1483.0
182.0 2126.0
400.0 2588.0
820.0 936.0
5.0 164.0
479.0 893.0
1216.0 2389.0
653.0 1272.0
720.0 1911.0
1144.0 2103.0
1718.0 2463.0
1293.0 2624.0
1432.0 1992.0
2484.0 2623.0
135.0 1991.0
69.0 787.0
1578.0 1909.0
1467.0 1758.0
1554.0 2354.0
1965.0 2527.0
1040.0 2608.0
1441.0 1896.0
918.0 1908.0
1921.0 1923.0
447.0 1096.0
415.0 2482.0
417.0 1069.0
158.0 2640.0
690.0 1810.0
1015.0 2253.0
1252.0 1952.0
56.0 2418.0
2066.0 2415.0
1498.0 1504.0
1015.0 1622.0
1155.0 2113.0
122.0 2303.0
398.0 762.0
159.0 2271.0
1312.0 2076.0
175.0 396.0
2228.0 2647.0
1622.0 2648.0
1599.0 2483.0
242.0 1115.0
349.0 1877.0
948.0 1174.0
528.0 2345.0
434.0 536.0
56.0 1114.0
1980.0 2528.0
1835.0 2568.0
768.0 2062.0
926.0 2568.0
195.0 1566.0
394.0 1721.0
242.0 2119.0
1053.0 1059.0
1070.0 2634.0
43.0 191.0
985.0 986.0
1025.0 2483.0
1642.0 2356.0
1488.0 1999.0
409.0 1450.0
229.0 2501.0
2192.0 2666.0
1278.0 2496.0
1053.0 1526.0
1648.0 1696.0
1873.0 1945.0
1050.0 1644.0
1396.0 2234.0
1779.0 2323.0
650.0 1781.0
131.0 1907.0
531.0 2378.0
119.0 2249.0
2137.0 2605.0
1034.0 1582.0
2150.0 2652.0
831.0 1381.0
322.0 611.0
1044.0 1606.0
837.0 1344.0
288.0 447.0
950.0 1121.0
1644.0 2487.0
178.0 2358.0
303.0 889.0
489.0 1615.0
437.0 1335.0
2020.0 2074.0
223.0 1590.0
97.0 2367.0
1692.0 2340.0
1192.0 2026.0
237.0 1831.0
321.0 1056.0
1278.0 1682.0
545.0 1905.0
1038.0 2540.0
231.0 862.0
620.0 1023.0
495.0 2505.0
1891.0 2170.0
1443.0 1741.0
2548.0 2549.0
1251.0 2408.0
2328.0 2446.0
1800.0 2329.0
685.0 1468.0
1304.0 2595.0
587.0 806.0
1478.0 2387.0
60.0 958.0
1738.0 1779.0
905.0 1690.0
569.0 1966.0
1694.0 2308.0
661.0 2463.0
1289.0 2014.0
439.0 1205.0
2582.0 2650.0
353.0 2150.0
813.0 2403.0
2157.0 2533.0
1048.0 1528.0
2201.0 2487.0
637.0 828.0
1217.0 2672.0
1279.0 2622.0
1736.0 2607.0
1477.0 2027.0
884.0 2269.0
1652.0 2418.0
1291.0 1768.0
313.0 1445.0
240.0 1978.0
47.0 1521.0
827.0 1621.0
326.0 2592.0
230.0 1716.0
1628.0 1633.0
614.0 1550.0
777.0 941.0
1689.0 2340.0
923.0 2703.0
644.0 1691.0
380.0 2535.0
134.0 1937.0
233.0 678.0
1033.0 1613.0
1453.0 1752.0
629.0 1280.0
648.0 1281.0
448.0 1555.0
541.0 1738.0
660.0 860.0
2438.0 2530.0
793.0 1717.0
37.0 1825.0
683.0 2639.0
333.0 1098.0
1227.0 2058.0
1625.0 2195.0
1542.0 2646.0
1955.0 2458.0
1516.0 2620.0
334.0 1023.0
2116.0 2404.0
1688.0 1690.0
885.0 2212.0
1177.0 1179.0
1029.0 2202.0
977.0 1241.0
1568.0 2628.0
1460.0 1746.0
815.0 2353.0
824.0 1332.0
1061.0 1545.0
1450.0 1732.0
1312.0 2033.0
251.0 1873.0
563.0 2233.0
165.0 641.0
65.0 1557.0
2498.0 2502.0
652.0 2497.0
636.0 2608.0
1624.0 2193.0
678.0 1744.0
2109.0 2562.0
503.0 2104.0
688.0 1905.0
1020.0 1598.0
1201.0 2589.0
1310.0 1929.0
333.0 389.0
534.0 1259.0
2542.0 2589.0
1647.0 1773.0
417.0 1655.0
907.0 2495.0
1565.0 1578.0
1712.0 1954.0
1050.0 1545.0
1522.0 1658.0
73.0 2589.0
372.0 883.0
1241.0 1250.0
489.0 953.0
1103.0 1548.0
308.0 1847.0
1298.0 1722.0
1320.0 1785.0
954.0 1051.0
1527.0 2346.0
665.0 1272.0
1243.0 1939.0
391.0 1874.0
557.0 1311.0
1921.0 1922.0
806.0 2026.0
685.0 2511.0
1934.0 2232.0
2557.0 2562.0
2244.0 2453.0
1523.0 1525.0
156.0 1406.0
138.0 2001.0
155.0 2169.0
380.0 1308.0
440.0 840.0
1455.0 1747.0
1893.0 2594.0
651.0 1703.0
1706.0 1707.0
439.0 2588.0
570.0 2013.0
153.0 455.0
2554.0 2660.0
1643.0 2393.0
1950.0 2408.0
1784.0 1785.0
982.0 2184.0
325.0 1207.0
2275.0 2648.0
550.0 1252.0
611.0 1046.0
1020.0 1602.0
1897.0 2288.0
1642.0 2357.0
1306.0 1829.0
2471.0 2678.0
1409.0 2516.0
1520.0 1521.0
229.0 2500.0
817.0 2248.0
273.0 1386.0
478.0 1545.0
1150.0 1835.0
48.0 694.0
552.0 1254.0
1590.0 1719.0
285.0 808.0
2367.0 2401.0
204.0 783.0
1363.0 1852.0
1868.0 2171.0
154.0 1824.0
326.0 382.0
958.0 1567.0
1415.0 1418.0
783.0 2640.0
2064.0 2161.0
953.0 1617.0
1810.0 2599.0
1184.0 2430.0
1754.0 2448.0
685.0 1759.0
1751.0 1752.0
23.0 24.0
1590.0 2402.0
1019.0 2197.0
437.0 1334.0
1028.0 2486.0
141.0 254.0
1648.0 2601.0
237.0 1830.0
546.0 696.0
783.0 1157.0
417.0 628.0
644.0 1245.0
625.0 2537.0
545.0 1904.0
1643.0 2484.0
1469.0 2511.0
1443.0 1740.0
1733.0 2251.0
1201.0 2538.0
516.0 850.0
459.0 1059.0
221.0 2176.0
1172.0 2269.0
86.0 562.0
723.0 1931.0
537.0 2314.0
127.0 1359.0
1771.0 2614.0
454.0 1269.0
2380.0 2546.0
1330.0 2376.0
126.0 1369.0
13.0 1194.0
433.0 1454.0
1510.0 1577.0
1889.0 1892.0
1179.0 1194.0
918.0 1286.0
750.0 2028.0
637.0 2253.0
1931.0 2677.0
2543.0 2702.0
1398.0 1408.0
1205.0 2336.0
439.0 1204.0
629.0 1278.0
1834.0 1847.0
100.0 627.0
342.0 1356.0
1255.0 2468.0
1527.0 2435.0
536.0 643.0
649.0 868.0
10.0 1238.0
1333.0 2222.0
44.0 2465.0
165.0 906.0
1886.0 2153.0
1293.0 1776.0
210.0 1297.0
2192.0 2368.0
1632.0 2480.0
1058.0 1530.0
877.0 2028.0
1787.0 2645.0
1321.0 1800.0
222.0 983.0
342.0 1800.0
1039.0 2194.0
2571.0 2706.0
75.0 755.0
1117.0 2119.0
1743.0 2231.0
1568.0 2533.0
1813.0 2341.0
1210.0 2250.0
46.0 323.0
1153.0 2106.0
240.0 1979.0
594.0 2342.0
939.0 1685.0
886.0 1030.0
47.0 1520.0
1649.0 2344.0
827.0 1620.0
5.0 2288.0
664.0 860.0
92.0 1835.0
332.0 1018.0
211.0 1275.0
230.0 1717.0
983.0 2409.0
39.0 253.0
614.0 1551.0
2056.0 2468.0
1442.0 2706.0
365.0 1807.0
454.0 719.0
556.0 2595.0
1453.0 1751.0
9.0 20.0
859.0 1650.0
1968.0 1980.0
2222.0 2490.0
2201.0 2612.0
1906.0 2152.0
269.0 316.0
2238.0 2527.0
1180.0 2158.0
333.0 1097.0
1102.0 2228.0
1992.0 2232.0
2137.0 2660.0
858.0 1639.0
806.0 1999.0
1488.0 2086.0
332.0 1602.0
1208.0 2493.0
765.0 1268.0
1916.0 2677.0
937.0 1658.0
666.0 2136.0
284.0 1527.0
1942.0 2522.0
141.0 262.0
94.0 1482.0
233.0 410.0
1624.0 2194.0
1037.0 2393.0
1160.0 2101.0
55.0 102.0
2271.0 2655.0
765.0 2161.0
1541.0 1542.0
400.0 573.0
275.0 571.0
330.0 2414.0
281.0 334.0
1990.0 2235.0
1780.0 2466.0
416.0 1618.0
2246.0 2613.0
2056.0 2545.0
1495.0 1805.0
652.0 1705.0
688.0 1906.0
123.0 1335.0
304.0 2155.0
2012.0 2388.0
1206.0 2439.0
897.0 2123.0
543.0 678.0
2655.0 2662.0
417.0 1654.0
2065.0 2471.0
862.0 1716.0
73.0 2588.0
842.0 1148.0
609.0 863.0
499.0 1119.0
756.0 922.0
1582.0 2351.0
128.0 1952.0
951.0 1488.0
1459.0 1745.0
1635.0 1640.0
447.0 1098.0
306.0 2525.0
1114.0 2116.0
1499.0 1534.0
1523.0 1524.0
56.0 2420.0
81.0 1295.0
564.0 1388.0
896.0 2586.0
31.0 937.0
1048.0 1073.0
619.0 2623.0
1695.0 2629.0
1381.0 1871.0
594.0 2218.0
829.0 1949.0
385.0 1644.0
193.0 699.0
303.0 554.0
1455.0 1746.0
2123.0 2259.0
127.0 743.0
705.0 1133.0
1412.0 2383.0
3.0 567.0
815.0 1596.0
60.0 1555.0
280.0 1023.0
1405.0 1713.0
1720.0 1779.0
7.0 2336.0
2295.0 2583.0
1784.0 1786.0
207.0 1281.0
2327.0 2328.0
1473.0 2686.0
326.0 2665.0
1338.0 2304.0
1020.0 1603.0
461.0 1543.0
155.0 904.0
168.0 1089.0
948.0 2270.0
2463.0 2614.0
77.0 820.0
386.0 1083.0
544.0 695.0
1332.0 1936.0
923.0 1344.0
535.0 907.0
1060.0 1082.0
621.0 2204.0
2071.0 2163.0
1271.0 1630.0
2158.0 2399.0
1604.0 1614.0
1185.0 2272.0
2113.0 2655.0
164.0 509.0
25.0 2542.0
685.0 1758.0
369.0 570.0
684.0 1463.0
528.0 679.0
695.0 1233.0
908.0 2622.0
1274.0 2524.0
705.0 1839.0
1263.0 1264.0
55.0 57.0
1851.0 2229.0
2243.0 2529.0
2669.0 2671.0
1033.0 1034.0
223.0 984.0
612.0 1045.0
915.0 1446.0
1457.0 1744.0
2415.0 2565.0
723.0 1930.0
105.0 219.0
1463.0 2639.0
403.0 2337.0
1287.0 1909.0
216.0 614.0
14.0 2100.0
905.0 1688.0
1512.0 2349.0
1646.0 1707.0
1184.0 2126.0
173.0 699.0
247.0 846.0
540.0 2329.0
2118.0 2337.0
2629.0 2643.0
1603.0 2482.0
101.0 954.0
206.0 2315.0
225.0 2210.0
285.0 1504.0
1307.0 2375.0
637.0 826.0
305.0 911.0
1042.0 2368.0
788.0 1144.0
629.0 1698.0
1154.0 2113.0
127.0 2229.0
62.0 2592.0
1407.0 2701.0
1150.0 2569.0
410.0 2339.0
517.0 1390.0
332.0 1019.0
334.0 1605.0
365.0 1806.0
1695.0 2308.0
1736.0 2251.0
414.0 1011.0
535.0 1261.0
1025.0 2203.0
93.0 1845.0
1267.0 2008.0
628.0 1069.0
1238.0 1954.0
1201.0 1203.0
3.0 1398.0
906.0 2312.0
1397.0 1408.0
1936.0 2596.0
164.0 2706.0
480.0 1651.0
8.0 138.0
264.0 2120.0
555.0 1304.0
1037.0 2196.0
332.0 1603.0
828.0 1624.0
1425.0 1970.0
750.0 1477.0
477.0 2367.0
101.0 1051.0
540.0 1714.0
1192.0 2273.0
981.0 2184.0
1602.0 2540.0
14.0 1160.0
1160.0 2102.0
1605.0 2197.0
2253.0 2303.0
619.0 1606.0
1440.0 1441.0
2076.0 2327.0
643.0 1674.0
275.0 570.0
2631.0 2687.0
849.0 2126.0
1054.0 1659.0
938.0 1989.0
1275.0 2605.0
1550.0 1551.0
1224.0 2001.0
688.0 1907.0
2137.0 2281.0
1020.0 1592.0
741.0 1834.0
1210.0 2339.0
768.0 2546.0
505.0 1146.0
384.0 1483.0
829.0 931.0
616.0 1636.0
553.0 929.0
499.0 1118.0
284.0 2346.0
1116.0 2263.0
617.0 1604.0
321.0 2347.0
451.0 1412.0
2130.0 2337.0
717.0 929.0
315.0 1761.0
1644.0 2367.0
532.0 2406.0
620.0 2199.0
262.0 1263.0
981.0 1570.0
1114.0 2117.0
28.0 2164.0
459.0 1533.0
1896.0 2238.0
344.0 1399.0
1028.0 1635.0
1047.0 1657.0
1735.0 1748.0
388.0 1066.0
829.0 1948.0
282.0 2205.0
62.0 2665.0
1659.0 2174.0
559.0 740.0
517.0 1412.0
1254.0 2153.0
115.0 230.0
335.0 1013.0
111.0 850.0
621.0 865.0
1720.0 2504.0
1041.0 1624.0
609.0 2434.0
377.0 1182.0
63.0 2665.0
1649.0 2624.0
461.0 1542.0
1337.0 1827.0
529.0 1454.0
948.0 2271.0
2062.0 2470.0
1086.0 1585.0
1358.0 1850.0
503.0 2477.0
1357.0 1838.0
1537.0 2216.0
1174.0 2655.0
608.0 2434.0
481.0 628.0
339.0 530.0
135.0 1205.0
744.0 2242.0
1982.0 2589.0
294.0 798.0
44.0 965.0
370.0 1475.0
282.0 865.0
1706.0 2442.0
468.0 2424.0
1826.0 1827.0
308.0 2377.0
1060.0 1535.0
2172.0 2677.0
246.0 2052.0
2023.0 2207.0
669.0 1318.0
2512.0 2697.0
2133.0 2135.0
840.0 2067.0
2569.0 2599.0
59.0 61.0
1540.0 2633.0
1994.0 2541.0
776.0 786.0
949.0 2225.0
339.0 394.0
1300.0 1649.0
1081.0 1513.0
1443.0 1742.0
1587.0 2591.0
1605.0 1606.0
1513.0 1654.0
1809.0 2113.0
827.0 1610.0
1989.0 2528.0
921.0 1877.0
707.0 804.0
621.0 1026.0
1174.0 2124.0
1564.0 2396.0
2049.0 2543.0
344.0 1965.0
1459.0 2582.0
1806.0 1992.0
949.0 2421.0
220.0 1207.0
809.0 1526.0
646.0 2495.0
43.0 954.0
14.0 2101.0
434.0 2313.0
945.0 2702.0
56.0 191.0
1406.0 1870.0
2650.0 2691.0
1291.0 1300.0
1552.0 1556.0
744.0 2223.0
475.0 1025.0
297.0 2005.0
974.0 2675.0
1144.0 1158.0
1810.0 2569.0
1583.0 1584.0
850.0 1664.0
1113.0 2002.0
471.0 1492.0
846.0 1152.0
817.0 1754.0
1058.0 1528.0
11.0 623.0
415.0 2197.0
573.0 1993.0
179.0 1390.0
552.0 1884.0
2119.0 2120.0
1477.0 2024.0
1886.0 1888.0
1763.0 1980.0
1153.0 2104.0
531.0 1360.0
809.0 1046.0
328.0 2409.0
577.0 806.0
279.0 826.0
485.0 2534.0
107.0 1084.0
469.0 1597.0
150.0 1128.0
371.0 1475.0
86.0 830.0
1617.0 1618.0
638.0 891.0
892.0 1631.0
1453.0 1749.0
1648.0 1771.0
2214.0 2421.0
2201.0 2618.0
1201.0 1202.0
2357.0 2368.0
1253.0 2670.0
2015.0 2110.0
1664.0 1821.0
676.0 1739.0
1639.0 2502.0
2105.0 2553.0
264.0 2121.0
63.0 2395.0
1933.0 2376.0
1546.0 2208.0
1425.0 1969.0
690.0 1898.0
1482.0 2082.0
174.0 875.0
909.0 1720.0
1481.0 2538.0
234.0 1729.0
540.0 1715.0
1369.0 1841.0
2225.0 2346.0
717.0 1893.0
2015.0 2563.0
661.0 1710.0
330.0 2186.0
158.0 2100.0
229.0 1708.0
1677.0 2311.0
1723.0 2505.0
765.0 2063.0
592.0 1535.0
1908.0 2154.0
186.0 2695.0
2321.0 2344.0
1114.0 1115.0
1206.0 2538.0
1800.0 2467.0
1997.0 2158.0
599.0 939.0
816.0 2184.0
1738.0 2451.0
744.0 2490.0
172.0 2243.0
1431.0 1989.0
842.0 1146.0
1329.0 1936.0
309.0 2151.0
1545.0 2208.0
1202.0 2565.0
1940.0 2631.0
66.0 195.0
138.0 756.0
1321.0 1401.0
767.0 2546.0
513.0 1133.0
817.0 1463.0
1410.0 1412.0
595.0 1542.0
1644.0 1659.0
2254.0 2398.0
103.0 1555.0
1498.0 2213.0
867.0 2694.0
1896.0 2239.0
859.0 2695.0
1519.0 2603.0
621.0 1608.0
1451.0 2503.0
849.0 2430.0
645.0 906.0
206.0 208.0
301.0 2544.0
679.0 1459.0
1030.0 1527.0
741.0 2155.0
164.0 1442.0
1255.0 2678.0
558.0 1826.0
553.0 1285.0
1841.0 1845.0
1337.0 1826.0
1068.0 2434.0
808.0 863.0
681.0 1751.0
1806.0 1807.0
909.0 2323.0
1171.0 2112.0
503.0 2476.0
1245.0 1691.0
297.0 2235.0
1710.0 2323.0
784.0 2627.0
1241.0 1388.0
178.0 986.0
388.0 1685.0
1546.0 2487.0
401.0 2541.0
380.0 1919.0
1116.0 1122.0
1238.0 1717.0
463.0 813.0
2008.0 2159.0
272.0 1660.0
1522.0 2224.0
1761.0 2697.0
889.0 1557.0
26.0 1998.0
647.0 1696.0
168.0 2675.0
1230.0 1231.0
2114.0 2115.0
27.0 764.0
1721.0 2512.0
207.0 1699.0
1456.0 1955.0
546.0 695.0
126.0 1841.0
1115.0 2654.0
1609.0 2200.0
59.0 60.0
2221.0 2596.0
1148.0 2569.0
1478.0 2074.0
1528.0 2367.0
915.0 1448.0
44.0 78.0
1642.0 2162.0
881.0 927.0
723.0 1932.0
921.0 1876.0
467.0 1098.0
105.0 217.0
384.0 2254.0
965.0 1780.0
1922.0 1923.0
335.0 2648.0
1203.0 2588.0
918.0 1285.0
1447.0 1730.0
1182.0 2477.0
1339.0 2525.0
1087.0 2603.0
41.0 334.0
1360.0 2378.0
437.0 2363.0
852.0 898.0
798.0 1223.0
69.0 2269.0
1259.0 1261.0
314.0 2708.0
1401.0 2500.0
1144.0 1159.0
1044.0 1638.0
177.0 1356.0
184.0 544.0
1015.0 1637.0
80.0 1276.0
223.0 1558.0
548.0 2147.0
1058.0 1529.0
822.0 2374.0
281.0 1615.0
793.0 1444.0
1410.0 2293.0
624.0 1608.0
573.0 2689.0
2114.0 2262.0
2193.0 2253.0
279.0 486.0
1616.0 1617.0
177.0 1800.0
2004.0 2380.0
2700.0 2708.0
1329.0 2172.0
526.0 1208.0
567.0 2516.0
1062.0 1538.0
372.0 1996.0
923.0 2548.0
986.0 1588.0
2228.0 2520.0
2052.0 2702.0
827.0 2192.0
1897.0 1898.0
1024.0 1616.0
42.0 2531.0
1210.0 2458.0
2017.0 2586.0
42.0 2162.0
420.0 1424.0
1093.0 1583.0
243.0 291.0
365.0 1804.0
1044.0 2196.0
496.0 2272.0
199.0 1713.0
296.0 2000.0
410.0 1452.0
1028.0 2688.0
1458.0 2582.0
604.0 606.0
353.0 2522.0
1267.0 2010.0
2049.0 2053.0
1745.0 2339.0
1104.0 1549.0
2348.0 2438.0
1656.0 2201.0
23.0 270.0
984.0 1578.0
590.0 1046.0
722.0 930.0
1264.0 2057.0
629.0 2441.0
146.0 2066.0
1848.0 2377.0
1787.0 2324.0
1729.0 2650.0
623.0 2531.0
268.0 420.0
1269.0 1894.0
6.0 752.0
446.0 1531.0
414.0 1621.0
251.0 1877.0
1390.0 1865.0
881.0 1359.0
443.0 2496.0
158.0 2101.0
486.0 2534.0
196.0 2184.0
863.0 1068.0
1602.0 2016.0
740.0 1337.0
173.0 1940.0
834.0 1998.0
61.0 1107.0
83.0 2011.0
2136.0 2660.0
59.0 2686.0
345.0 561.0
1732.0 2504.0
816.0 982.0
777.0 2073.0
297.0 1479.0
1269.0 2489.0
99.0 591.0
485.0 2666.0
1689.0 2308.0
367.0 870.0
1305.0 2171.0
1872.0 2521.0
616.0 1638.0
1695.0 2443.0
854.0 1898.0
562.0 830.0
1527.0 2225.0
1269.0 1286.0
1610.0 2666.0
1622.0 2193.0
143.0 757.0
443.0 647.0
1654.0 2406.0
31.0 628.0
1386.0 2653.0
1213.0 2588.0
1042.0 2532.0
1589.0 1642.0
684.0 817.0
1510.0 1517.0
155.0 1833.0
855.0 1412.0
74.0 2407.0
1307.0 1913.0
2153.0 2154.0
594.0 2217.0
28.0 767.0
1121.0 2136.0
1120.0 1653.0
703.0 2670.0
976.0 1089.0
1063.0 1066.0
638.0 1625.0
517.0 1410.0
1522.0 1524.0
700.0 2148.0
834.0 2002.0
776.0 1171.0
207.0 1282.0
157.0 309.0
1173.0 2269.0
463.0 2332.0
380.0 930.0
1574.0 2356.0
1284.0 2594.0
333.0 468.0
1337.0 1825.0
516.0 1410.0
745.0 1870.0
156.0 273.0
1245.0 1690.0
583.0 1444.0
92.0 804.0
1396.0 2516.0
1311.0 1329.0
463.0 812.0
1313.0 2073.0
2337.0 2636.0
195.0 1270.0
1248.0 1946.0
2008.0 2160.0
164.0 2619.0
513.0 1898.0
568.0 747.0
1824.0 2370.0
570.0 1465.0
445.0 2495.0
1830.0 2304.0
1273.0 1647.0
465.0 602.0
243.0 2121.0
352.0 436.0
1283.0 1941.0
783.0 1153.0
1647.0 2502.0
7.0 439.0
470.0 614.0
107.0 600.0
957.0 1104.0
291.0 2117.0
1235.0 1906.0
653.0 2319.0
2022.0 2207.0
36.0 2327.0
938.0 1947.0
2317.0 2442.0
938.0 2242.0
1172.0 2111.0
1388.0 2514.0
1614.0 2199.0
1311.0 2172.0
239.0 1431.0
115.0 1713.0
88.0 1399.0
1539.0 2342.0
2316.0 2442.0
784.0 1144.0
1036.0 1058.0
1656.0 2174.0
509.0 2599.0
296.0 398.0
1664.0 1843.0
694.0 1146.0
393.0 2236.0
1259.0 1260.0
2223.0 2490.0
238.0 1425.0
1770.0 1776.0
826.0 2621.0
321.0 1499.0
1889.0 2670.0
1038.0 2022.0
1027.0 1631.0
855.0 1390.0
184.0 545.0
1634.0 2202.0
324.0 2237.0
1942.0 1943.0
1774.0 2463.0
1705.0 1780.0
1656.0 2618.0
96.0 1516.0
90.0 1450.0
530.0 1727.0
158.0 1156.0
1283.0 1888.0
1772.0 2322.0
1484.0 2431.0
1447.0 2629.0
809.0 2225.0
247.0 1153.0
1616.0 1618.0
1390.0 1821.0
66.0 1909.0
136.0 1216.0
1653.0 2210.0
1720.0 2323.0
387.0 1098.0
1024.0 1617.0
81.0 2318.0
830.0 2536.0
541.0 1443.0
1044.0 2197.0
1440.0 1971.0
1585.0 2423.0
215.0 1426.0
729.0 1373.0
604.0 607.0
171.0 1608.0
1726.0 2251.0
2059.0 2159.0
1904.0 1905.0
534.0 1292.0
596.0 2401.0
462.0 1071.0
1159.0 1160.0
812.0 1525.0
666.0 1275.0
146.0 2067.0
1721.0 2236.0
1052.0 2418.0
917.0 975.0
42.0 1575.0
234.0 1743.0
598.0 2212.0
2343.0 2443.0
1011.0 2534.0
113.0 2495.0
526.0 2467.0
2313.0 2694.0
811.0 1063.0
1305.0 1913.0
765.0 2061.0
415.0 1598.0
461.0 2220.0
133.0 549.0
97.0 1659.0
816.0 983.0
1761.0 2511.0
281.0 620.0
940.0 1596.0
131.0 1262.0
14.0 2257.0
2160.0 2544.0
125.0 830.0
1927.0 2521.0
619.0 1044.0
1336.0 1824.0
1363.0 1737.0
314.0 1742.0
544.0 687.0
212.0 533.0
285.0 863.0
505.0 1369.0
366.0 1990.0
791.0 1185.0
1302.0 1303.0
328.0 2593.0
1013.0 1622.0
133.0 300.0
783.0 2506.0
451.0 1417.0
38.0 1719.0
273.0 921.0
1296.0 2624.0
1470.0 2352.0
2514.0 2687.0
57.0 627.0
463.0 843.0
1645.0 2208.0
680.0 1455.0
419.0 1918.0
1230.0 1350.0
277.0 388.0
1547.0 2420.0
459.0 1534.0
1472.0 1721.0
1311.0 1936.0
1971.0 2390.0
687.0 2171.0
2082.0 2086.0
434.0 643.0
367.0 2071.0
309.0 565.0
1201.0 1995.0
1107.0 2628.0
294.0 1183.0
374.0 1221.0
545.0 1903.0
1653.0 2281.0
1610.0 1621.0
437.0 1937.0
765.0 2065.0
1832.0 1838.0
459.0 1082.0
342.0 2493.0
1202.0 2029.0
1207.0 2396.0
78.0 302.0
742.0 881.0
1919.0 2145.0
17.0 786.0
1025.0 2485.0
2492.0 2500.0
2025.0 2399.0
76.0 138.0
957.0 1551.0
1583.0 2351.0
1245.0 1689.0
1772.0 2614.0
719.0 1270.0
1385.0 1387.0
1212.0 2689.0
83.0 941.0
1156.0 2100.0
762.0 1478.0
9.0 643.0
1725.0 2378.0
1955.0 2504.0
2295.0 2383.0
1734.0 2456.0
1158.0 2257.0
554.0 2525.0
321.0 1534.0
620.0 1614.0
1295.0 1697.0
434.0 2694.0
194.0 1030.0
1469.0 1759.0
465.0 601.0
304.0 345.0
1740.0 1741.0
840.0 2070.0
1631.0 2532.0
1223.0 2105.0
160.0 2563.0
432.0 1712.0
1429.0 1979.0
268.0 1969.0
1085.0 2202.0
566.0 2233.0
2322.0 2614.0
653.0 2318.0
1206.0 1993.0
133.0 2147.0
1966.0 2527.0
1397.0 2234.0
321.0 1559.0
1241.0 1938.0
1288.0 1289.0
1371.0 1664.0
346.0 2305.0
315.0 818.0
1439.0 1967.0
2400.0 2590.0
44.0 1271.0
534.0 2606.0
1097.0 1098.0
604.0 1102.0
1046.0 1053.0
475.0 1026.0
456.0 1498.0
1302.0 2595.0
440.0 2067.0
234.0 1447.0
1277.0 2441.0
1735.0 2244.0
131.0 351.0
21.0 1247.0
555.0 2171.0
745.0 1381.0
1102.0 2431.0
451.0 2583.0
465.0 1086.0
1293.0 1771.0
1746.0 2629.0
210.0 1437.0
559.0 1830.0
90.0 1451.0
2511.0 2697.0
2309.0 2467.0
665.0 1783.0
92.0 2568.0
2487.0 2612.0
276.0 1991.0
247.0 1152.0
1415.0 2295.0
118.0 1467.0
136.0 1217.0
301.0 2469.0
1813.0 1992.0
1062.0 1536.0
150.0 2706.0
1235.0 1952.0
75.0 1998.0
353.0 1248.0
408.0 1739.0
135.0 276.0
371.0 1476.0
46.0 1068.0
1483.0 1845.0
2062.0 2546.0
2421.0 2435.0
460.0 2437.0
541.0 1732.0
10.0 2076.0
1088.0 1520.0
272.0 1274.0
1437.0 1731.0
1728.0 2505.0
48.0 1133.0
13.0 2293.0
1630.0 1944.0
1258.0 2312.0
550.0 1660.0
896.0 1162.0
480.0 1655.0
813.0 843.0
1696.0 1697.0
926.0 1146.0
135.0 752.0
690.0 1897.0
1594.0 2227.0
2236.0 2635.0
2244.0 2510.0
269.0 1019.0
461.0 595.0
1562.0 2355.0
717.0 1890.0
1644.0 2203.0
316.0 2013.0
681.0 2248.0
1035.0 1065.0
1283.0 1887.0
1839.0 1842.0
1429.0 1809.0
741.0 2305.0
1072.0 1074.0
2078.0 2159.0
325.0 326.0
38.0 1409.0
1727.0 1733.0
837.0 2703.0
1745.0 2582.0
186.0 2323.0
613.0 2216.0
1582.0 2603.0
443.0 1696.0
108.0 1100.0
328.0 980.0
42.0 622.0
929.0 2154.0
600.0 1083.0
154.0 739.0
1577.0 2187.0
1758.0 2250.0
1586.0 1587.0
275.0 397.0
940.0 1597.0
385.0 477.0
596.0 1071.0
1707.0 2317.0
852.0 1901.0
597.0 1070.0
930.0 2535.0
270.0 400.0
534.0 1261.0
1934.0 2596.0
563.0 1871.0
1363.0 1736.0
1280.0 2496.0
1537.0 2519.0
21.0 964.0
1875.0 2233.0
2603.0 2616.0
804.0 2709.0
1155.0 1809.0
194.0 2212.0
157.0 1385.0
543.0 2700.0
1924.0 1930.0
108.0 468.0
911.0 1318.0
1759.0 1762.0
7.0 1205.0
335.0 1624.0
1209.0 1759.0
62.0 2355.0
1787.0 2467.0
1049.0 1079.0
81.0 659.0
377.0 2476.0
272.0 1856.0
963.0 1690.0
968.0 1764.0
765.0 2064.0
800.0 1180.0
270.0 2588.0
303.0 1303.0
488.0 2483.0
380.0 2145.0
487.0 1016.0
37.0 1357.0
1698.0 2442.0
558.0 1825.0
862.0 1403.0
387.0 1584.0
957.0 1550.0
1813.0 2701.0
362.0 1128.0
195.0 303.0
513.0 854.0
2265.0 2270.0
1620.0 1621.0
916.0 2145.0
800.0 806.0
2065.0 2071.0
1437.0 2330.0
1060.0 1063.0
1203.0 1212.0
178.0 985.0
232.0 2155.0
221.0 981.0
2362.0 2594.0
1965.0 2364.0
238.0 2241.0
380.0 1914.0
488.0 1616.0
418.0 1895.0
812.0 1071.0
2136.0 2554.0
1719.0 2402.0
683.0 974.0
888.0 940.0
1283.0 2523.0
26.0 1997.0
1784.0 2645.0
1454.0 1751.0
1210.0 1467.0
1042.0 2393.0
1301.0 2309.0
452.0 866.0
186.0 1710.0
179.0 1415.0
973.0 1405.0
1939.0 2408.0
75.0 1223.0
1429.0 1978.0
577.0 941.0
1809.0 1972.0
372.0 2027.0
566.0 1875.0
268.0 1970.0
1624.0 2669.0
542.0 2700.0
64.0 2395.0
403.0 2118.0
718.0 1893.0
1564.0 1565.0
316.0 1481.0
847.0 2015.0
926.0 1814.0
2247.0 2675.0
1996.0 2000.0
1321.0 2444.0
652.0 1646.0
1519.0 2530.0
169.0 603.0
2186.0 2414.0
384.0 586.0
810.0 1536.0
104.0 1563.0
985.0 2230.0
936.0 1922.0
869.0 2484.0
755.0 1997.0
1475.0 1476.0
222.0 1574.0
98.0 151.0
555.0 2170.0
27.0 2469.0
897.0 2015.0
465.0 1085.0
181.0 2597.0
707.0 1841.0
1114.0 2105.0
1892.0 2152.0
60.0 61.0
176.0 546.0
1082.0 1534.0
2571.0 2619.0
1035.0 1036.0
1161.0 2265.0
563.0 831.0
2078.0 2273.0
556.0 1912.0
2342.0 2437.0
1804.0 1967.0
136.0 1218.0
415.0 1604.0
1755.0 2639.0
1062.0 1537.0
1020.0 2203.0
762.0 2387.0
929.0 1908.0
79.0 1688.0
867.0 1260.0
646.0 647.0
394.0 2512.0
893.0 2420.0
2364.0 2586.0
369.0 2000.0
1065.0 1530.0
569.0 747.0
2530.0 2633.0
78.0 2643.0
1385.0 1877.0
2530.0 2616.0
1174.0 2271.0
77.0 917.0
1303.0 2489.0
414.0 1012.0
1885.0 2153.0
1431.0 1981.0
977.0 2676.0
477.0 1036.0
155.0 740.0
282.0 1034.0
2024.0 2537.0
1088.0 1521.0
2444.0 2500.0
1243.0 2148.0
2003.0 2590.0
1639.0 2498.0
64.0 1563.0
755.0 1223.0
680.0 1461.0
1329.0 1332.0
79.0 641.0
460.0 1064.0
2201.0 2539.0
392.0 1548.0
93.0 150.0
123.0 931.0
1647.0 2330.0
717.0 1889.0
1210.0 1762.0
2239.0 2562.0
330.0 2230.0
1543.0 2633.0
311.0 1738.0
218.0 1207.0
597.0 1513.0
1282.0 2317.0
64.0 2533.0
415.0 1592.0
1659.0 2487.0
858.0 2318.0
1156.0 1157.0
929.0 2153.0
1720.0 2464.0
164.0 1418.0
729.0 1132.0
13.0 1179.0
37.0 1337.0
1741.0 2452.0
390.0 1871.0
1648.0 2321.0
1461.0 1748.0
1272.0 1629.0
1220.0 1925.0
2218.0 2342.0
563.0 1870.0
264.0 2654.0
2149.0 2523.0
401.0 439.0
36.0 1954.0
1764.0 1777.0
950.0 2405.0
609.0 2597.0
194.0 2213.0
1467.0 1750.0
187.0 832.0
698.0 1928.0
2349.0 2620.0
352.0 1220.0
1043.0 2368.0
410.0 1744.0
1119.0 2133.0
143.0 758.0
438.0 738.0
1246.0 1692.0
558.0 2222.0
455.0 721.0
1357.0 2377.0
152.0 1334.0
793.0 1238.0
1106.0 2635.0
7.0 1204.0
869.0 2623.0
1334.0 1335.0
2219.0 2646.0
849.0 1183.0
300.0 549.0
564.0 1386.0
1027.0 2162.0
118.0 2248.0
1048.0 1079.0
662.0 910.0
2104.0 2476.0
2322.0 2463.0
526.0 2493.0
385.0 2367.0
1781.0 2466.0
1522.0 1523.0
1011.0 1610.0
303.0 1302.0
698.0 820.0
597.0 2634.0
1334.0 1949.0
11.0 1633.0
1221.0 2166.0
242.0 2337.0
1542.0 2219.0
664.0 1764.0
700.0 1250.0
957.0 1549.0
86.0 2305.0
669.0 2501.0
605.0 940.0
1231.0 1444.0
20.0 434.0
2071.0 2072.0
66.0 2396.0
187.0 876.0
567.0 1409.0
217.0 1554.0
532.0 2311.0
1038.0 1545.0
1039.0 2416.0
55.0 1651.0
187.0 699.0
2159.0 2399.0
2057.0 2059.0
1834.0 2658.0
1082.0 1499.0
1469.0 1757.0
242.0 2636.0
847.0 2265.0
5.0 1132.0
276.0 1214.0
7.0 1982.0
285.0 1080.0
1895.0 1908.0
432.0 1714.0
1856.0 2523.0
137.0 1219.0
984.0 986.0
1081.0 1516.0
2282.0 2706.0
1080.0 1504.0
206.0 2622.0
1278.0 2314.0
88.0 1965.0
1418.0 2295.0
316.0 1465.0
1695.0 2350.0
637.0 1612.0
239.0 1424.0
1951.0 2625.0
552.0 2670.0
387.0 1583.0
757.0 1263.0
2022.0 2023.0
285.0 2632.0
1371.0 1843.0
21.0 906.0
810.0 1537.0
2226.0 2228.0
696.0 916.0
9.0 963.0
415.0 1019.0
8.0 2001.0
440.0 2069.0
1019.0 1603.0
274.0 312.0
868.0 1700.0
1271.0 1705.0
2116.0 2553.0
1115.0 2117.0
2312.0 2694.0
60.0 216.0
12.0 2159.0
287.0 2215.0
2480.0 2532.0
531.0 1725.0
806.0 2073.0
1641.0 2206.0
798.0 2021.0
1852.0 2240.0
1868.0 1891.0
793.0 1343.0
1705.0 2466.0
1082.0 1535.0
662.0 967.0
1255.0 2064.0
754.0 1219.0
553.0 1908.0
697.0 1220.0
1689.0 1691.0
821.0 1887.0
323.0 1510.0
1107.0 2686.0
1763.0 1955.0
1972.0 2390.0
89.0 1425.0
57.0 1651.0
1568.0 2155.0
2119.0 2405.0
816.0 1588.0
1332.0 2596.0
1870.0 2515.0
624.0 1032.0
294.0 2430.0
169.0 2647.0
334.0 1615.0
269.0 2016.0
1751.0 2245.0
275.0 371.0
1385.0 1876.0
55.0 2539.0
1040.0 2192.0
1458.0 2691.0
1431.0 1980.0
2539.0 2618.0
1038.0 1050.0
1707.0 2497.0
83.0 777.0
1021.0 1599.0
1251.0 1950.0
207.0 2317.0
131.0 300.0
931.0 1333.0
394.0 818.0
1715.0 2329.0
377.0 503.0
305.0 1318.0
1632.0 2532.0
529.0 1751.0
2592.0 2665.0
452.0 645.0
1214.0 1481.0
1450.0 1740.0
2021.0 2415.0
1042.0 2206.0
1210.0 1763.0
716.0 1284.0
788.0 1161.0
746.0 2687.0
1128.0 1899.0
1337.0 1357.0
1851.0 2513.0
1330.0 2232.0
829.0 2656.0
724.0 1330.0
2130.0 2263.0
2214.0 2216.0
1074.0 1516.0
1909.0 2374.0
2156.0 2158.0
159.0 948.0
2548.0 2703.0
2.0 1733.0
471.0 2354.0
173.0 876.0
583.0 2293.0
1051.0 1651.0
1208.0 2306.0
1311.0 2677.0
461.0 2646.0
25.0 1982.0
2015.0 2478.0
1185.0 2126.0
414.0 1800.0
1331.0 2596.0
716.0 1892.0
152.0 1335.0
136.0 752.0
324.0 1565.0
174.0 2652.0
1070.0 1522.0
793.0 1350.0
1224.0 1226.0
210.0 676.0
2219.0 2633.0
1304.0 1910.0
1102.0 2647.0
1472.0 1724.0
305.0 969.0
286.0 608.0
1179.0 1999.0
1047.0 1655.0
625.0 2420.0
1463.0 1755.0
603.0 1097.0
2072.0 2163.0
2014.0 2478.0
1153.0 2506.0
818.0 1727.0
1155.0 2564.0
665.0 2320.0
739.0 1911.0
488.0 2485.0
433.0 1752.0
188.0 1146.0
1063.0 1685.0
479.0 954.0
11.0 1632.0
1117.0 2636.0
306.0 904.0
569.0 2239.0
820.0 917.0
880.0 1148.0
168.0 1096.0
669.0 2500.0
90.0 1741.0
1358.0 1852.0
1910.0 1913.0
1806.0 1808.0
1406.0 1876.0
564.0 2653.0
218.0 325.0
346.0 830.0
391.0 1928.0
291.0 1120.0
591.0 949.0
1204.0 2588.0
179.0 451.0
366.0 1219.0
590.0 1059.0
1094.0 1095.0
1014.0 1623.0
126.0 707.0
182.0 849.0
1753.0 1754.0
156.0 832.0
1177.0 1194.0
1283.0 2154.0
2057.0 2058.0
2151.0 2402.0
646.0 2601.0
276.0 1215.0
1205.0 1218.0
2225.0 2421.0
1531.0 2215.0
591.0 2215.0
436.0 1925.0
722.0 1918.0
1714.0 1716.0
179.0 1417.0
1462.0 2217.0
1774.0 1775.0
469.0 940.0
1849.0 2536.0
768.0 2164.0
660.0 1770.0
291.0 2121.0
1281.0 2442.0
1809.0 2107.0
1702.0 2318.0
612.0 2346.0
386.0 1746.0
891.0 1625.0
88.0 1966.0
2082.0 2573.0
2025.0 2078.0
1712.0 1717.0
2192.0 2608.0
1171.0 1980.0
1011.0 2621.0
445.0 907.0
754.0 2005.0
957.0 1552.0
1947.0 2656.0
289.0 1548.0
813.0 1073.0
682.0 2613.0
516.0 1664.0
488.0 1599.0
1457.0 2691.0
867.0 2313.0
440.0 2070.0
866.0 1688.0
2505.0 2700.0
1725.0 1734.0
438.0 1336.0
2439.0 2689.0
277.0 1090.0
1065.0 2519.0
264.0 2131.0
396.0 1892.0
1115.0 2116.0
2354.0 2355.0
751.0 1476.0
233.0 2503.0
1654.0 2210.0
346.0 2658.0
1460.0 1735.0
784.0 788.0
30.0 1060.0
1080.0 2187.0
330.0 1558.0
122.0 2253.0
1910.0 2595.0
561.0 1834.0
559.0 1827.0
158.0 1160.0
1469.0 1760.0
1073.0 2367.0
550.0 702.0
2028.0 2537.0
700.0 1938.0
1067.0 1521.0
328.0 1570.0
1223.0 1478.0
875.0 2652.0
746.0 876.0
1689.0 1690.0
690.0 2288.0
1753.0 2639.0
1399.0 1965.0
560.0 920.0
1453.0 2510.0
1030.0 1057.0
390.0 436.0
1173.0 2111.0
816.0 1589.0
748.0 1968.0
146.0 840.0
1931.0 2172.0
1238.0 2446.0
1122.0 2464.0
408.0 1742.0
891.0 1637.0
275.0 370.0
419.0 2535.0
2117.0 2654.0
2339.0 2453.0
1150.0 1899.0
312.0 2335.0
648.0 2496.0
3.0 1407.0
152.0 931.0
1630.0 1951.0
134.0 2363.0
408.0 2708.0
127.0 1852.0
1896.0 2701.0
1227.0 2053.0
1853.0 2377.0
268.0 748.0
347.0 881.0
1298.0 2344.0
858.0 1647.0
171.0 1032.0
1118.0 2120.0
463.0 2620.0
659.0 1295.0
622.0 623.0
757.0 2544.0
1321.0 1714.0
91.0 2697.0
392.0 1550.0
1450.0 1741.0
1528.0 1529.0
1886.0 2524.0
1947.0 1948.0
212.0 1689.0
906.0 1258.0
910.0 1778.0
1226.0 2003.0
788.0 1162.0
274.0 1495.0
1727.0 1734.0
2126.0 2430.0
1222.0 1930.0
1161.0 1182.0
1602.0 1644.0
896.0 2017.0
676.0 1437.0
1468.0 2249.0
829.0 1333.0
1558.0 2414.0
564.0 746.0
1040.0 2368.0
2122.0 2270.0
959.0 1575.0
13.0 1177.0
253.0 372.0
1770.0 2323.0
1461.0 1746.0
563.0 1872.0
1806.0 2529.0
1477.0 2537.0
252.0 274.0
1626.0 2196.0
594.0 1541.0
9.0 905.0
744.0 938.0
908.0 1299.0
233.0 1451.0
323.0 1577.0
1645.0 2537.0
17.0 2259.0
1677.0 2606.0
1119.0 2135.0
967.0 1770.0
1708.0 1712.0
2343.0 2629.0
863.0 2434.0
1070.0 1523.0
1224.0 1227.0
191.0 954.0
929.0 1285.0
547.0 1874.0
240.0 1440.0
172.0 1813.0
141.0 2678.0
592.0 1060.0
1463.0 1754.0
170.0 1385.0
1313.0 2009.0
1294.0 1648.0
1011.0 1612.0
1409.0 2151.0
1063.0 1462.0
20.0 905.0
2003.0 2400.0
687.0 1903.0
1171.0 1955.0
294.0 2070.0
897.0 2110.0
377.0 784.0
222.0 2356.0
1034.0 2616.0
378.0 2270.0
1250.0 1946.0
716.0 2594.0
1278.0 1280.0
470.0 1553.0
2065.0 2068.0
758.0 2468.0
752.0 2253.0
637.0 2193.0
1157.0 2640.0
1716.0 1717.0
663.0 1291.0
1204.0 2589.0
590.0 1056.0
526.0 1787.0
295.0 1183.0
1061.0 2208.0
1954.0 2446.0
1205.0 1217.0
1531.0 2214.0
1073.0 2403.0
1714.0 1717.0
1465.0 2013.0
1086.0 2423.0
1724.0 2229.0
204.0 1160.0
339.0 1727.0
811.0 2217.0
24.0 40.0
386.0 1747.0
638.0 1015.0
1388.0 2488.0
1344.0 1350.0
610.0 1056.0
915.0 2700.0
445.0 537.0
1993.0 2439.0
1906.0 1952.0
125.0 881.0
2293.0 2383.0
805.0 1093.0
850.0 1410.0
2108.0 2557.0
680.0 2454.0
544.0 1233.0
495.0 1744.0
1777.0 1778.0
1371.0 1845.0
1722.0 1768.0
1025.0 1608.0
822.0 1286.0
432.0 1401.0
2102.0 2104.0
676.0 2451.0
362.0 1901.0
1941.0 1943.0
867.0 2312.0
57.0 2209.0
1725.0 1733.0
739.0 2370.0
1736.0 1762.0
264.0 2132.0
289.0 1103.0
408.0 2502.0
1064.0 2217.0
1296.0 1776.0
281.0 1617.0
949.0 1526.0
419.0 1931.0
188.0 2568.0
2324.0 2493.0
269.0 1481.0
888.0 2227.0
1565.0 2237.0
556.0 1915.0
64.0 2157.0
750.0 877.0
1528.0 2435.0
1586.0 2591.0
1555.0 1556.0
598.0 885.0
974.0 2512.0
2.0 818.0
351.0 1907.0
1568.0 2157.0
1020.0 2198.0
1720.0 1732.0
911.0 1789.0
752.0 1216.0
1222.0 2173.0
2063.0 2068.0
509.0 852.0
1981.0 2528.0
304.0 1568.0
1170.0 1171.0
154.0 1338.0
1562.0 2592.0
1262.0 2147.0
1040.0 2194.0
1018.0 1603.0
282.0 1033.0
397.0 749.0
1397.0 1398.0
208.0 651.0
1227.0 2052.0
1022.0 2688.0
74.0 300.0
96.0 1072.0
918.0 1895.0
241.0 2105.0
591.0 1053.0
2465.0 2625.0
26.0 2158.0
1403.0 1716.0
556.0 1307.0
1499.0 1517.0
64.0 104.0
2210.0 2406.0
193.0 549.0
937.0 1522.0
2232.0 2376.0
1951.0 2320.0
74.0 1907.0
28.0 768.0
1113.0 2114.0
1026.0 1627.0
2339.0 2582.0
1440.0 2701.0
1452.0 1456.0
676.0 1438.0
287.0 1535.0
930.0 1914.0
1022.0 1643.0
1101.0 1596.0
945.0 2051.0
619.0 2484.0
1760.0 2511.0
572.0 1213.0
2405.0 2636.0
561.0 920.0
89.0 1967.0
386.0 2629.0
700.0 1241.0
1181.0 2170.0
1303.0 2526.0
813.0 1511.0
2192.0 2230.0
889.0 1207.0
1306.0 1338.0
27.0 2545.0
13.0 850.0
481.0 2174.0
182.0 1183.0
529.0 2248.0
1426.0 2390.0
262.0 1255.0
981.0 1578.0
1305.0 1308.0
611.0 2597.0
1584.0 1585.0
436.0 2521.0
923.0 2166.0
889.0 2396.0
662.0 909.0
2350.0 2629.0
1553.0 2236.0
1659.0 2201.0
1293.0 2321.0
312.0 1804.0
6.0 2252.0
808.0 2213.0
976.0 1095.0
1312.0 2293.0
1458.0 2339.0
1446.0 1448.0
42.0 959.0
1408.0 2234.0
159.0 2564.0
370.0 371.0
176.0 184.0
651.0 2316.0
1459.0 2453.0
1260.0 2312.0
885.0 1030.0
1177.0 2293.0
1401.0 1708.0
199.0 331.0
1308.0 2375.0
1217.0 1218.0
1128.0 2282.0
758.0 2469.0
1085.0 1099.0
446.0 2215.0
421.0 2027.0
1773.0 1775.0
393.0 470.0
297.0 2398.0
135.0 1218.0
1093.0 2603.0
155.0 237.0
283.0 464.0
852.0 2599.0
1027.0 1641.0
2107.0 2108.0
703.0 1952.0
1214.0 2253.0
2010.0 2164.0
1454.0 1755.0
826.0 1612.0
2262.0 2682.0
788.0 896.0
289.0 607.0
983.0 2184.0
941.0 2011.0
432.0 1717.0
1330.0 1933.0
349.0 565.0
744.0 1853.0
335.0 2194.0
1300.0 1768.0
146.0 1185.0
1253.0 1892.0
338.0 1721.0
869.0 1643.0
291.0 1653.0
36.0 1712.0
680.0 1748.0
346.0 2536.0
153.0 1824.0
1057.0 2435.0
246.0 1264.0
1246.0 1277.0
91.0 817.0
115.0 1719.0
687.0 1233.0
1511.0 2403.0
13.0 1410.0
562.0 881.0
936.0 1926.0
1267.0 2164.0
725.0 2656.0
1941.0 1942.0
2355.0 2394.0
2497.0 2673.0
6.0 1219.0
1059.0 1533.0
694.0 1148.0
377.0 2627.0
791.0 2066.0
36.0 1322.0
1273.0 2330.0
915.0 1730.0
25.0 2336.0
1948.0 2656.0
2102.0 2506.0
569.0 1399.0
1696.0 2496.0
221.0 328.0
649.0 1295.0
823.0 1915.0
561.0 1832.0
565.0 1873.0
92.0 505.0
1343.0 1350.0
920.0 1832.0
598.0 1079.0
1540.0 2438.0
305.0 2492.0
229.0 1712.0
1330.0 1871.0
422.0 1517.0
118.0 1468.0
2026.0 2078.0
471.0 1552.0
351.0 1906.0
748.0 1970.0
1270.0 1287.0
2200.0 2688.0
374.0 1312.0
262.0 2468.0
463.0 2349.0
2025.0 2159.0
679.0 1729.0
132.0 2408.0
1272.0 2319.0
528.0 1729.0
1101.0 2236.0
1612.0 2621.0
304.0 2169.0
898.0 1150.0
864.0 940.0
1292.0 1298.0
331.0 1505.0
46.0 2632.0
477.0 1032.0
602.0 2423.0
122.0 637.0
1103.0 1597.0
74.0 1236.0
556.0 720.0
1806.0 2341.0
398.0 2387.0
2052.0 2543.0
1099.0 2531.0
487.0 1637.0
1029.0 1628.0
1733.0 1736.0
390.0 1330.0
415.0 617.0
97.0 2224.0
1578.0 1590.0
606.0 1595.0
646.0 1682.0
2321.0 2601.0
69.0 2123.0
571.0 749.0
47.0 2220.0
1934.0 1989.0
455.0 2363.0
869.0 1037.0
2393.0 2688.0
40.0 401.0
1021.0 2203.0
1294.0 1771.0
661.0 1718.0
12.0 2026.0
1418.0 1442.0
168.0 388.0
1749.0 2245.0
1120.0 2281.0
211.0 663.0
743.0 1852.0
930.0 1915.0
945.0 2050.0
1133.0 1898.0
122.0 1356.0
416.0 475.0
57.0 479.0
209.0 1944.0
1713.0 1719.0
697.0 1923.0
2307.0 2395.0
666.0 1778.0
602.0 2520.0
466.0 1088.0
643.0 1246.0
98.0 1559.0
1483.0 2254.0
138.0 922.0
156.0 187.0
1441.0 2557.0
167.0 277.0
418.0 2374.0
1541.0 2219.0
2323.0 2695.0
212.0 642.0
159.0 1157.0
548.0 1252.0
251.0 349.0
235.0 688.0
1306.0 1339.0
1051.0 1652.0
2118.0 2263.0
1360.0 2456.0
446.0 2421.0
98.0 458.0
1650.0 1776.0
2124.0 2270.0
1209.0 1762.0
1388.0 2653.0
1155.0 2125.0
1071.0 2401.0
315.0 2512.0
1304.0 1913.0
2309.0 2645.0
1354.0 2327.0
548.0 1950.0
276.0 2541.0
592.0 1062.0
636.0 2671.0
312.0 1805.0
24.0 2541.0
79.0 165.0
83.0 2546.0
1577.0 2350.0
224.0 984.0
1473.0 1553.0
2004.0 2546.0
55.0 2201.0
391.0 975.0
345.0 741.0
1334.0 1937.0
436.0 724.0
58.0 194.0
406.0 1444.0
1331.0 1933.0
2012.0 2540.0
1570.0 2394.0
866.0 1244.0
2119.0 2636.0
1870.0 2233.0
1746.0 1747.0
2222.0 2223.0
43.0 56.0
39.0 2027.0
965.0 1705.0
274.0 1804.0
751.0 2388.0
1012.0 1620.0
1786.0 2467.0
262.0 757.0
1537.0 2437.0
1845.0 1999.0
683.0 2675.0
142.0 2468.0
1065.0 1539.0
2058.0 2159.0
277.0 1067.0
822.0 1269.0
175.0 1868.0
1943.0 2402.0
969.0 2492.0
616.0 2196.0
935.0 1471.0
627.0 2612.0
677.0 1732.0
1454.0 1752.0
2263.0 2337.0
685.0 2250.0
741.0 2658.0
1453.0 2245.0
1073.0 2401.0
2452.0 2503.0
722.0 1917.0
454.0 2489.0
473.0 2592.0
289.0 606.0
1270.0 1566.0
1230.0 2033.0
2486.0 2688.0
1048.0 2367.0
1356.0 1442.0
503.0 1182.0
459.0 2436.0
2025.0 2273.0
1047.0 2539.0
810.0 1062.0
2102.0 2627.0
891.0 1626.0
284.0 612.0
744.0 1869.0
391.0 832.0
2100.0 2101.0
186.0 2614.0
1085.0 2422.0
1741.0 2503.0
885.0 1049.0
1891.0 2594.0
17.0 897.0
313.0 2586.0
146.0 295.0
38.0 793.0
687.0 1232.0
824.0 1930.0
486.0 2666.0
338.0 974.0
1300.0 2624.0
557.0 725.0
1043.0 2206.0
178.0 2186.0
1097.0 1100.0
487.0 2196.0
1058.0 2214.0
2325.0 2493.0
866.0 1687.0
1441.0 1971.0
1059.0 1532.0
2463.0 2499.0
868.0 1696.0
680.0 682.0
1949.0 2656.0
238.0 748.0
722.0 1309.0
1530.0 2216.0
1118.0 2131.0
462.0 1524.0
1763.0 2458.0
125.0 1850.0
164.0 362.0
344.0 2586.0
234.0 1746.0
823.0 1914.0
2122.0 2563.0
541.0 677.0
486.0 2192.0
1939.0 1940.0
83.0 2380.0
315.0 2697.0
920.0 1833.0
1020.0 2482.0
1444.0 2364.0
924.0 2033.0
196.0 328.0
102.0 2539.0
542.0 543.0
767.0 768.0
752.0 1218.0
1586.0 2431.0
1714.0 1800.0
2025.0 2158.0
2170.0 2362.0
11.0 1628.0
1718.0 1779.0
9.0 1674.0
1918.0 1931.0
116.0 1470.0
399.0 2538.0
280.0 334.0
1827.0 1830.0
16.0 1172.0
720.0 1912.0
570.0 883.0
477.0 1031.0
65.0 889.0
718.0 1286.0
880.0 1814.0
39.0 421.0
556.0 721.0
719.0 1287.0
125.0 742.0
11.0 2480.0
117.0 2330.0
1333.0 1948.0
108.0 2227.0
487.0 1636.0
2420.0 2537.0
1916.0 2363.0
41.0 1606.0
1152.0 2106.0
2149.0 2150.0
1717.0 1719.0
96.0 1074.0
870.0 1122.0
1442.0 2383.0
26.0 2156.0
409.0 1732.0
1209.0 1733.0
47.0 1543.0
1743.0 2505.0
452.0 641.0
215.0 2390.0
2404.0 2553.0
1731.0 2330.0
906.0 1257.0
910.0 1777.0
1914.0 1915.0
1225.0 2590.0
1749.0 2244.0
822.0 1894.0
279.0 2621.0
1085.0 1633.0
571.0 2023.0
985.0 2357.0
1039.0 1040.0
1499.0 1559.0
2166.0 2690.0
113.0 646.0
852.0 1899.0
209.0 1951.0
529.0 1464.0
700.0 1243.0
132.0 2147.0
1220.0 1922.0
556.0 919.0
466.0 1089.0
1850.0 2536.0
433.0 2613.0
752.0 2389.0
743.0 1360.0
841.0 2020.0
233.0 543.0
666.0 2605.0
1626.0 2195.0
1934.0 2376.0
777.0 2380.0
1541.0 2218.0
159.0 1156.0
1842.0 1843.0
1604.0 2198.0
176.0 1236.0
1338.0 1830.0
87.0 562.0
537.0 1277.0
719.0 2374.0
178.0 224.0
113.0 445.0
1762.0 1763.0
52.0 552.0
458.0 1559.0
2008.0 2059.0
679.0 2345.0
1540.0 2218.0
814.0 1584.0
1083.0 1685.0
59.0 1553.0
1354.0 2324.0
172.0 1808.0
593.0 1062.0
422.0 1499.0
1914.0 2375.0
1313.0 2014.0
1783.0 1951.0
1602.0 2012.0
1050.0 2487.0
23.0 573.0
252.0 1967.0
602.0 1086.0
109.0 1054.0
387.0 814.0
234.0 2629.0
445.0 1276.0
1654.0 1655.0
103.0 448.0
1202.0 2020.0
406.0 1445.0
888.0 1594.0
546.0 1920.0
862.0 1405.0
1233.0 1919.0
398.0 1996.0
1582.0 2202.0
1069.0 1654.0
683.0 2247.0
274.0 1805.0
805.0 1087.0
1012.0 1621.0
1401.0 1714.0
211.0 1291.0
378.0 2124.0
104.0 217.0
1281.0 1699.0
216.0 290.0
153.0 1335.0
142.0 2469.0
1725.0 1726.0
1736.0 1737.0
9.0 644.0
724.0 1925.0
1407.0 1408.0
247.0 2104.0
1227.0 2399.0
1995.0 2589.0
939.0 1083.0
558.0 931.0
594.0 1064.0
1041.0 2671.0
38.0 2527.0
128.0 703.0
685.0 2249.0
1771.0 1772.0
280.0 618.0
300.0 917.0
747.0 1896.0
1594.0 2647.0
1453.0 2244.0
366.0 754.0
1655.0 2210.0
1294.0 1696.0
627.0 1547.0
274.0 2659.0
1283.0 1578.0
682.0 1455.0
1546.0 2612.0
806.0 1192.0
457.0 609.0
220.0 2237.0
659.0 2318.0
146.0 1183.0
951.0 2086.0
2351.0 2422.0
225.0 1051.0
303.0 2396.0
63.0 219.0
1938.0 2687.0
1873.0 2151.0
239.0 1439.0
473.0 1562.0
331.0 1620.0
2058.0 2399.0
206.0 1279.0
1533.0 1534.0
472.0 2533.0
2265.0 2477.0
1582.0 1583.0
610.0 611.0
2108.0 2125.0
118.0 1758.0
1248.0 1249.0
488.0 1571.0
1246.0 2315.0
629.0 2315.0
1326.0 2467.0
868.0 1697.0
2020.0 2430.0
446.0 591.0
2060.0 2062.0
719.0 1894.0
462.0 1525.0
1252.0 1950.0
950.0 1118.0
56.0 1652.0
939.0 1063.0
222.0 816.0
1584.0 2351.0
561.0 1838.0
1481.0 2029.0
625.0 627.0
1034.0 1035.0
1631.0 2480.0
530.0 1734.0
1343.0 1344.0
556.0 1910.0
677.0 1450.0
1689.0 1694.0
1223.0 2074.0
496.0 791.0
1181.0 1302.0
392.0 1106.0
434.0 1257.0
1128.0 2619.0
150.0 2709.0
471.0 1554.0
2112.0 2258.0
1381.0 2232.0
328.0 959.0
722.0 2535.0
401.0 1205.0
953.0 2688.0
79.0 434.0
172.0 240.0
2063.0 2065.0
2112.0 2113.0
290.0 470.0
272.0 821.0
1475.0 2013.0
783.0 2106.0
